#ip experiment to measure bw: 
#Up to 2^24 bytes, each 100000 iterations on 1 threads (server addr: 192.168.1.1)
#* to reproduce this result, use commit cd819bb973edac8a52ef8fea110e7392687f25bc *
#bytes	iter.	Avg. BW	UCPU%	SCPU%
2      	100000	4.49   	0.00   	  60.00
4      	100000	9.17   	0.00   	  75.00
8      	100000	18.27  	20.00  	  60.00
16     	100000	36.11  	0.00   	 100.00
32     	100000	71.20  	0.00   	 100.00
64     	100000	139.99 	0.00   	  80.00
128    	100000	269.49 	20.00  	  60.00
256    	100000	492.38 	0.00   	  66.67
512    	100000	889.69 	16.67  	  66.67
1024   	100000	1397.53	14.29  	  85.71
2048   	100000	2098.04	0.00   	  72.73
4096   	100000	2655.12	0.00   	  75.00
8192   	100000	3006.07	0.00   	  77.78
16384  	100000	3138.56	1.75   	  63.16
32768  	100000	3225.81	1.10   	  74.73
65536  	100000	3288.10	0.00   	  62.44
131072 	100000	3315.32	0.00   	  56.62
262144 	100000	3490.73	0.43   	  66.95
524288 	100000	3592.33	0.13   	  74.95
1048576	100000	3615.21	0.10   	  74.97
2097152	100000	3584.77	0.07   	  77.24
4194304	100000	3518.14	0.04   	  65.41
8388608	100000	3373.46	0.02   	  65.60
16777216	100000	2703.75	0.01   	  55.54
