#ip experiment to measure bw: 
#Up to 2^24 bytes, each 5000 iterations on 1 threads (server addr: 10.116.60.2)
#* to reproduce this result, use commit cc3156750d464e4f6892c86439e6c9ce6980adda *
#bytes	iter.	Avg. BW	UCPU%	SCPU%
2      	5000	4.04   	-nan   	   -nan
4      	5000	7.87   	-nan   	   -nan
8      	5000	11.35  	0.00   	   0.00
16     	5000	20.29  	-nan   	   -nan
32     	5000	40.19  	0.00   	   0.00
64     	5000	71.32  	-nan   	   -nan
128    	5000	151.80 	-nan   	   -nan
256    	5000	145.44 	0.00   	   0.00
512    	5000	138.78 	0.00   	   0.00
1024   	5000	139.15 	0.00   	   0.00
2048   	5000	142.62 	0.00   	   0.00
4096   	5000	133.87 	0.00   	   6.67
8192   	5000	126.72 	0.00   	   2.86
16384  	5000	120.81 	0.00   	   4.41
32768  	5000	119.49 	0.00   	   6.11
65536  	5000	118.56 	0.00   	   5.45
131072 	5000	118.19 	0.00   	   5.40
262144 	5000	117.94 	0.00   	   5.47
524288 	5000	117.78 	0.00   	   5.58
1048576	5000	117.76 	0.04   	   5.55
2097152	5000	117.72 	0.00   	   5.51
