# ip experiment to measure bw:
# Up to 2^24 bytes, each 1000 iterations on 1 threads (server addr: 10.116.60.2)
# to reproduce this result, use commit 1279a065e87adfa7d6bcd8208a190f0ab9c8866a *

#thread	#bytes	iter.	Avg. BW	UCPU%	SCPU%	UCPU%(s)	SCPU%(s)
1      	2	1000	3.21   	0.00   	   0.00	   0.00	   0.00
1      	4	1000	6.12   	0.00   	   0.00	   0.00	   0.00
1      	8	1000	9.32   	0.00   	   0.00	   0.00	   0.00
1      	16	1000	17.11  	0.00   	   0.00	   0.00	   0.00
1      	32	1000	33.90  	0.00   	   0.00	   0.00	   0.00
1      	64	1000	61.24  	0.00   	   0.00	   0.00	   0.00
1      	128	1000	135.59 	0.00   	   0.00	   0.00	   0.00
1      	256	1000	130.81 	0.00   	   0.00	   0.00	   0.00
1      	512	1000	144.96 	0.00   	   0.00	   0.00	   0.00
1      	1024	1000	136.88 	0.00   	   0.00	   0.00	   0.00
1      	2048	1000	125.88 	0.00   	   0.00	   0.00	   0.00
1      	4096	1000	137.59 	0.00   	   0.00	   0.00	   0.00
1      	8192	1000	139.43 	0.00   	   0.00	   0.00	   0.00
1      	16384	1000	141.92 	0.00   	   0.00	   0.00	   8.33
1      	32768	1000	127.66 	0.00   	   3.70	   0.00	   7.69
1      	65536	1000	121.77 	0.00   	   5.66	   0.00	   7.02
1      	131072	1000	119.85 	0.00   	   5.61	   0.00	   7.69
1      	262144	1000	119.00 	0.00   	   5.05	   0.00	   8.41
1      	524288	1000	118.36 	0.00   	   5.36	   0.00	   8.39
1      	1048576	1000	117.98 	0.00   	   5.43	   0.12	   8.62
1      	2097152	1000	117.80 	0.00   	   5.49	   0.06	   8.51
1      	4194304	1000	117.77 	0.00   	   5.36	   0.17	   8.38
1      	8388608	1000	117.72 	0.00   	   5.53	   0.35	   8.74
1      	16777216	1000	117.70 	0.00   	   5.54	   0.24	   8.34

#CHECKED
