# ip experiment to measure bw:
# Up to 2^24 bytes, each 1000 iterations on 1 threads (server addr: 192.168.1.1)
# to reproduce this result, use commit b9913d720a10c785eeabe139caf46f632eb63869 *

#thread	#bytes	iter.	Avg. BW	UCPU%	SCPU%	UCPU%(s)	SCPU%(s)
1      	2	1000	2.88   	0.00   	   0.00	   0.00	   0.00
1      	4	1000	5.31   	0.00   	   0.00	   0.00	   0.00
1      	8	1000	10.60  	0.00   	   0.00	   0.00	   0.00
1      	16	1000	21.05  	0.00   	   0.00	   0.00	   0.00
1      	32	1000	43.48  	0.00   	   0.00	   0.00	   0.00
1      	64	1000	92.22  	0.00   	   0.00	   0.00	   0.00
1      	128	1000	166.67 	0.00   	   0.00	   0.00	   0.00
1      	256	1000	341.33 	0.00   	   0.00	   0.00	   0.00
1      	512	1000	641.60 	0.00   	   0.00	   0.00	   0.00
1      	1024	1000	1048.11	0.00   	   0.00	   0.00	   0.00
1      	2048	1000	1654.28	0.00   	   0.00	   0.00	   0.00
1      	4096	1000	2473.43	0.00   	   0.00	   0.00	   0.00
1      	8192	1000	3267.65	0.00   	   0.00	   0.00	   0.00
1      	16384	1000	3226.47	0.00   	   0.00	   0.00	   0.00
1      	32768	1000	3355.31	0.00   	   0.00	   0.00	 100.00
1      	65536	1000	3406.06	0.00   	  33.33	   0.00	 100.00
1      	131072	1000	3419.39	0.00   	  75.00	   0.00	  75.00
1      	262144	1000	3540.48	0.00   	  62.50	   0.00	 100.00
1      	524288	1000	3583.87	0.00   	  90.91	   0.00	  93.33
1      	1048576	1000	3598.41	0.00   	  75.86	   0.00	 100.00
1      	2097152	1000	3570.20	0.00   	  72.13	   0.00	 100.00
1      	4194304	1000	3514.16	0.00   	  75.86	   0.00	 100.00
1      	8388608	1000	3334.14	0.00   	  63.41	   0.00	  98.41
1      	16777216	1000	2690.27	0.00   	  53.28	   0.00	  99.84
