# ip experiment to measure bw:
# Up to 2^24 bytes, each 10000 iterations on 1 threads (server addr: 192.168.1.1)
# to reproduce this result, use commit 1279a065e87adfa7d6bcd8208a190f0ab9c8866a *

#thread	#bytes	iter.	Avg. BW	UCPU%	SCPU%	UCPU%(s)	SCPU%(s)
1      	2	10000	3.95   	0.00   	   0.00	   0.00	   0.00
1      	4	10000	7.49   	0.00   	   0.00	   0.00	   0.00
1      	8	10000	14.99  	0.00   	   0.00	   0.00	   0.00
1      	16	10000	27.33  	0.00   	   0.00	   0.00	   0.00
1      	32	10000	67.04  	0.00   	   0.00	   0.00	   0.00
1      	64	10000	131.71 	0.00   	   0.00	   0.00	   0.00
1      	128	10000	241.05 	0.00   	   0.00	   0.00	   0.00
1      	256	10000	463.35 	0.00   	   0.00	   0.00	   0.00
1      	512	10000	843.49 	0.00   	   0.00	   0.00	   0.00
1      	1024	10000	1276.49	0.00   	   0.00	   0.00	   0.00
1      	2048	10000	2023.32	0.00   	 100.00	   0.00	 100.00
1      	4096	10000	2841.29	0.00   	 100.00	   0.00	  50.00
1      	8192	10000	3145.08	0.00   	  66.67	   0.00	  66.67
1      	16384	10000	3209.84	0.00   	  80.00	   0.00	 100.00
1      	32768	10000	3279.92	0.00   	  60.00	   0.00	 100.00
1      	65536	10000	3305.44	0.00   	  68.42	   0.00	  95.00
1      	131072	10000	3319.58	0.00   	  59.09	   0.00	  97.50
1      	262144	10000	3510.27	0.00   	  81.16	   0.00	 100.00
1      	524288	10000	3596.80	0.69   	  75.86	   0.00	  99.32
1      	1048576	10000	3596.42	0.00   	  78.57	   0.00	 100.00
1      	2097152	10000	3573.05	0.00   	  78.72	   0.00	  99.49
1      	4194304	10000	3506.62	0.00   	  65.14	   0.00	  99.75
1      	8388608	10000	3366.60	0.00   	  66.18	   0.04	  98.75
1      	16777216	10000	2732.09	0.00   	  55.25	   0.02	  97.13


#CHECKED
