#ip experiment to measure bw: 
#Up to 2^26 bytes, each 10000 iterations on 1 threads (server addr: 192.168.1.1)
#* to reproduce this result, use commit cc3156750d464e4f6892c86439e6c9ce6980adda *
#bytes	iter.	Avg. BW	UCPU%	SCPU%
2      	10000	3.57   	0.00   	   0.00
4      	10000	6.73   	0.00   	   0.00
8      	10000	14.31  	-nan   	   -nan
16     	10000	26.32  	0.00   	   0.00
32     	10000	58.49  	-nan   	   -nan
64     	10000	119.54 	0.00   	   0.00
128    	10000	221.41 	0.00   	   0.00
256    	10000	440.01 	0.00   	   0.00
512    	10000	777.52 	-nan   	   -nan
1024   	10000	1256.13	0.00   	   0.00
2048   	10000	2124.26	0.00   	 100.00
4096   	10000	2690.84	0.00   	  50.00
8192   	10000	3180.25	0.00   	  66.67
16384  	10000	3267.32	0.00   	  60.00
32768  	10000	3323.16	0.00   	  77.78
65536  	10000	3329.73	0.00   	  68.42
131072 	10000	3343.07	0.00   	  60.47
262144 	10000	3556.70	0.00   	  78.87
524288 	10000	3568.50	0.00   	  73.33
1048576	10000	3558.45	0.00   	  76.87
2097152	10000	3584.57	0.00   	  77.72
4194304	10000	3536.42	0.00   	  71.03
8388608	10000	3392.09	0.00   	  67.62
16777216	10000	2709.60	0.00   	  52.22
33554432	10000	2535.26	0.01   	  60.31
67108864	10000	2496.93	0.00   	  61.66



# thread 1, bw on ip over ib
