# ip experiment:
# Up to 2^12 bytes, each 3 seconds with up to 40 threads (server addr: 10.116.60.2)
# to reproduce this result, use commit 8021c4ac38fb1a71026e8919a6acff5fcd1df048 *

threads	buffer	iter	bw	lat	ucpu	scpu	ucpu_s	scpu_s
1  12  86766  118.38  34.60  0.33  5.00  0.33  13.58
2  12  87017  59.29  70.48  0.33  5.32  0.66  18.94
3  12  87146  39.57  114.87  0.33  5.65  1.01  26.96
4  12  87289  29.71  137.86  0.00  6.36  0.99  32.95
5  12  87478  23.82  192.05  0.33  6.03  0.00  28.17
6  12  87810  19.91  239.12  0.00  6.33  0.99  24.62
7  12  88110  17.11  277.45  0.00  6.46  0.66  27.56
8  12  88388  14.99  339.03  0.34  6.11  0.66  37.48
9  12  88453  13.34  394.49  0.67  6.03  0.66  41.17
10  12  88767  12.04  372.90  0.34  6.52  1.32  31.14
11  12  89053  10.96  388.56  0.00  7.05  1.65  37.64
12  12  89160  10.07  439.21  0.00  7.20  0.33  36.20
13  12  89282  9.31  553.81  0.67  6.69  0.66  39.47
14  12  89617  8.65  601.50  0.00  7.35  0.98  39.62
15  12  89596  8.09  653.04  0.33  7.00  0.98  36.42
16  12  89662  7.59  792.68  0.00  7.12  0.98  37.54
17  12  90070  7.17  648.37  0.33  6.66  0.33  35.97
18  12  90141  6.77  794.78  0.33  6.96  0.33  44.11
19  12  90416  6.43  685.55  0.00  7.16  0.32  35.74
20  12  90729  6.12  745.70  0.67  6.98  0.97  40.00
21  12  90884  5.83  807.09  0.00  7.63  0.64  40.29
22  12  90753  5.56  1027.17  0.00  8.11  0.97  44.29
23  12  90782  5.33  974.09  0.00  7.64  0.32  43.81
24  12  90961  5.12  1067.90  0.33  7.40  0.65  44.01
25  12  91497  4.94  867.39  0.33  7.31  0.32  36.64
26  12  91550  4.74  1078.36  0.33  8.19  0.64  40.75
27  12  91634  4.58  969.91  0.00  8.37  0.32  44.65
28  12  91580  4.41  1375.60  0.99  7.83  1.29  44.16
29  12  91785  4.26  1133.28  1.00  7.24  1.60  43.30
30  12  91882  4.13  1197.63  0.33  7.87  0.96  44.50
31  12  91998  4.00  1478.04  0.33  7.79  1.6  43.91
32  12  92155  3.88  1217.11  0.00  8.79  0.64  41.28
33  12  92018  3.76  1321.67  0.33  8.49  1.28  44.43
34  12  92459  3.66  1263.06  0.33  8.48  0.00  45.61
35  12  92579  3.56  1308.25  0.33  8.45  0.63  45.04
36  12  92802  3.46  1285.30  0.33  8.28  0.63  41.51
37  12  93205  3.38  1292.44  0.00  8.73  0.94  45.02
38  12  93090  3.28  1349.31  0.33  9.48  0.94  45.24
39  12  93291  3.21  1333.59  0.02  9.29  0.94  45.21
40  12  93400  3.13  1480.27  0.33  9.11  1.26  44.97

#CHECKED
