# ip experiment:
# Up to 2^26 bytes, each 5 seconds with up to 1 threads (server addr: 10.116.60.2)
# to reproduce this result, use commit f3096dbb44238dd2c6d90a8e861b9199c4e7144b *

threads	buffer	iter  bw	lat	ucpu	scpu	ucpu_s	scpu_s
1	1	9439628	   3.78	   0.53	  18.40	  81.40	   9.30	  59.92
1	2	8787308	   7.03	   0.57	  15.17	  84.43	   9.26	  59.26
1	3	5896889	   9.43	   0.85	  12.02	  87.98	   6.20	  46.00
1	4	5360779	  17.15	   0.93	   9.00	  90.60	   5.74	  43.03
1	5	5342571	  34.19	   0.94	  10.38	  89.02	   5.99	  43.51
1	6	4852012	  62.10	   1.03	   8.20	  91.60	   5.95	  46.92
1	7	4615203	 118.14	   1.08	   9.86	  65.39	   4.58	  40.84
1	8	2307943	 118.16	   2.17	   4.40	  33.40	   2.66	  25.56
1	9	1153877	 118.11	   4.34	   1.84	  18.16	   1.61	  15.86
1	10	577542	 118.09	   8.67	   1.39	  10.56	   0.60	  12.18
1	11	288624	 118.12	  17.34	   0.40	   7.58	   0.39	  10.63
1	12	144206	 118.09	  34.69	   0.00	   5.59	   0.40	   8.82
1	13	72122	 118.11	  69.36	   0.20	   4.40	   0.00	   9.49
1	14	36076	 118.11	 138.72	   0.00	   4.60	   0.00	   8.51
1	15	18034	 118.11	 277.44	   0.00	   5.37	   0.00	   8.45
1	16	9020	 118.14	 554.73	   0.00	   5.57	   0.00	   8.55
1	17	4510	 118.16	1109.23	   0.00	   5.61	   0.00	   8.40
1	18	2258	 118.22	2217.51	   0.00	   5.25	   0.00	   8.37
1	19	1131	 118.39	4428.47	   0.00	   5.59	   0.00	   8.38
1	20	566	 118.52	8847.22	   0.00	   5.61	   0.00	   8.43
1	21	284	 118.62	17680.01	   0.00	   5.34	   0.20	   8.13
1	22	143	 118.97	35255.13	   0.00	   5.56	   0.22	   8.73
1	23	73	 119.74	70058.48	   0.00	   5.66	   0.19	   8.19
1	24	38	 121.39	138205.08	   0.00	   5.52	   0.00	   8.46
1	25	20	 124.49	269526.30	   0.00	   5.46	   0.00	  10.22
1	26	11	 129.97	516335.09	   0.00	   5.90	   0.18	  10.02

#CHECKED
