# ip experiment:
# Up to 2^24 bytes, each 3 seconds with up to 1 threads (server addr: 10.116.60.2)
# to reproduce this result, use commit 8021c4ac38fb1a71026e8919a6acff5fcd1df048 *

threads	buffer	iter	bw	lat	ucpu	scpu	ucpu_s	scpu_s
1  1  6149519  4.10  0.49  20.00  79.67  10.92  67.58
1  2  5976012  7.97  0.50  17.97  83.73  10.67  66.67
1  3  4003870  10.68  0.75  11.33  88.33  8.00  51.67
1  4  3726377  19.87  0.81  12.71  87.29  8.00  55.00
1  5  3736942  39.86  0.80  11.71  88.29  6.33  51.67
1  6  3500893  74.69  0.86  13.33  86.67  7.33  51.67
1  7  2781544  118.68  1.08  8.67  52.67  5.30  50.33
1  8  1389896  118.35  2.16  4.33  28.33  3.37  38.05
1  9  693807  118.38  4.33  1.00  16.67  2.17  31.52
1  10  347453  118.42  8.65  1.33  8.97  0.66  16.89
1  11  173767  118.33  17.31  0.33  6.98  1.32  16.56
1  12  86756  118.40  34.59  0.00  5.32  0.66  19.21
1  13  43410  118.40  69.19  0.00  4.33  0.00  19.87
1  14  21684  118.40  138.38  0.00  4.05  0.00  10.26
1  15  10841  118.38  276.80  0.00  5.67  0.33  11.59
1  16  5429  118.43  553.39  0.33  5.00  0.34  16.11
1  17  2718  118.45  1106.56  0.00  5.32  0.33  17.49
1  18  1357  118.53  2211.54  0.00  5.33  0.00  21.00
1  19  681  118.68  4417.85  0.00  5.32  0.00  18.09
1  20  341  118.49  8849.15  0.00  5.39  0.00  12.50
1  21  171  118.45  17704.40  0.00  5.28  0.33  15.41
1  22  86  118.65  35350.88  0.00  5.26  0.00  18.89
1  23  44  118.59  70739.09  0.00  5.14  0.00  20.06
1  24  23  118.61  141453.09  0.00  5.54  0.00  14.63
#CHECKED
