#ip experiment: Up to 2^20 bytes, each 5000 iterations (server addr: 192.168.1.1)
#* to reproduce this result, use commit cf36dad0708897f28f7a195750c85dfb6c5cd0d1 *
#bytes	iter.	Avg. BW	UCPU%	SCPU%
2      	5000	5.23   	0.00   	   0.00
4      	5000	10.52  	0.00   	   0.00
8      	5000	20.69  	0.00   	   0.00
16     	5000	40.75  	0.00   	   0.00
32     	5000	81.26  	0.00   	   0.00
64     	5000	157.64 	0.00   	   0.00
128    	5000	301.18 	0.00   	   0.00
256    	5000	544.91 	0.00   	   0.00
512    	5000	943.95 	0.00   	   0.00
1024   	5000	1397.00	0.00   	   0.00
2048   	5000	1883.39	0.00   	   0.00
4096   	5000	2269.00	0.00   	   0.00
8192   	5000	2134.78	0.00   	   1.30
16384  	5000	2052.82	0.00   	   0.63
32768  	5000	2071.09	0.00   	   0.63
65536  	5000	2089.44	0.00   	   0.96
131072 	5000	2084.47	0.00   	   0.96
262144 	5000	2213.05	0.00   	   0.93
524288 	5000	2385.99	0.00   	   0.85
1048576	5000	2554.16	0.00   	   1.38
