ip experiment: Up to 2^20 bytes, each 1000 iterations (server addr: 192.168.1.1)
* to recreate this result, use commit 9d98b83a7c187a1be6c1042041bf006287997cea *
#bytes      #iterations      Peak BW       Avg. BW
 2          1000           4.93               4.60   
 4          1000           9.90               9.23   
 8          1000           19.70              18.32  
 16         1000           39.40              36.53  
 32         1000           78.80              66.73  
 64         1000           156.14             135.48 
 128        1000           307.98             251.23 
 256        1000           594.17             476.15 
 512        1000           1147.70            815.85 
 1024       1000           2019.27            1261.91
 2048       1000           3245.47            1666.07
 4096       1000           4660.52            2427.98
 8192       1000           5976.36            2379.39
 16384      1000           6793.68            2492.03
 32768      1000           7489.33            2227.67
 65536      1000           7395.88            2117.38
 131072     1000           7510.60            2035.26
 262144     1000           7583.92            2143.49
 524288     1000           7598.59            2290.61
 1048576    1000           5241.60            2430.89
