#ip experiment: Up to 2^20 bytes, each 50000 iterations (server addr: 192.168.1.1)
#* to reproduce this result, use commit cf36dad0708897f28f7a195750c85dfb6c5cd0d1 *
#bytes	iter.	Avg. BW	UCPU%	SCPU%
2      	50000	5.25   	0.00   	   1.32
4      	50000	10.47  	0.00   	   2.60
8      	50000	20.96  	0.00   	   2.60
16     	50000	41.43  	0.00   	   2.56
32     	50000	80.74  	0.00   	   2.50
64     	50000	158.79 	0.00   	   2.47
128    	50000	302.29 	0.00   	   2.35
256    	50000	552.53 	0.00   	   2.15
512    	50000	960.92 	0.00   	   1.87
1024   	50000	1257.92	0.00   	   1.83
2048   	50000	1509.17	0.00   	   1.47
4096   	50000	1774.44	0.00   	   1.30
8192   	50000	1957.93	0.00   	   1.08
16384  	50000	1969.65	0.00   	   1.02
32768  	50000	1994.92	0.00   	   0.95
65536  	50000	2059.45	0.00   	   0.96
131072 	50000	2062.82	0.00   	   1.00
262144 	50000	2195.55	0.00   	   0.94
524288 	50000	2365.43	0.00   	   0.84
1048576	50000	2552.94	0.00   	   1.39
