ip experiment: Up to 2^15 bytes, each 1000 iterations (server addr: 192.168.1.1)
* to recreate this result, use commit 9d98b83a7c187a1be6c1042041bf006287997cea *
#bytes      #iterations      Peak BW       Avg. BW
 2          1000           4.93               4.58   
 4          1000           9.85               9.22   
 8          1000           19.79              18.25  
 16         1000           39.40              36.56  
 32         1000           78.80              66.55  
 64         1000           156.87             135.29 
 128        1000           307.98             256.69 
 256        1000           599.47             473.10 
 512        1000           1142.82            816.62 
 1024       1000           1996.75            1227.66
 2048       1000           3255.31            1658.34
 4096       1000           4670.66            2249.00
 8192       1000           5984.69            2345.70
 16384      1000           6761.61            2632.84
 32768      1000           7489.33            2208.31
