#ip experiment: Up to 2^22 bytes, each 10000 iterations (server addr: 192.168.1.1)
#* to reproduce this result, use commit f5cded3511bba860b14580e33c5487e08451dc82 *
#bytes	iter.	Avg. BW	CPU%
2      	10000	5.26   	0.0000000
4      	10000	10.44  	0.0000000
8      	10000	20.96  	0.0000000
16     	10000	41.46  	0.0000000
32     	10000	81.45  	0.0000000
64     	10000	157.21 	0.0000000
128    	10000	301.67 	0.0000000
256    	10000	547.36 	0.0000000
512    	10000	954.87 	0.0000000
1024   	10000	1428.17	0.0000000
2048   	10000	1800.60	0.0000000
4096   	10000	1950.85	0.0000000
8192   	10000	2073.66	0.0000000
16384  	10000	2041.47	0.0000000
32768  	10000	2034.62	0.0000000
65536  	10000	2080.90	0.0000000
131072 	10000	2084.14	0.0000000
262144 	10000	2208.12	0.0000000
524288 	10000	2382.77	0.0000000
1048576	10000	2558.45	0.0000000
2097152	10000	2465.30	0.0000000
4194304	10000	2378.86	0.0000000
