#bytes	iter.	Avg. BW	UCPU%	SCPU%
2      	100000	3.68   	40.00  	  40.00
4      	100000	7.34   	0.00   	  75.00
8      	100000	10.49  	0.00   	  66.67
16     	100000	19.34  	0.00   	  57.14
32     	100000	37.05  	0.00   	  44.44
64     	100000	69.19  	0.00   	  44.44
128    	100000	117.47 	0.00   	  36.36
256    	100000	117.62 	5.00   	  20.00
512    	100000	117.60 	0.00   	  16.28
1024   	100000	117.66 	0.00   	  12.22
2048   	100000	117.65 	0.61   	   9.82
4096   	100000	117.68 	0.00   	   9.41
8192   	100000	117.68 	0.14   	   8.45
16384  	100000	117.68 	0.29   	   9.38
32768  	100000	117.68 	0.14   	   8.38
65536  	100000	117.68 	0.29   	   8.70
