#bytes	iter.	Avg. BW	UCPU%	SCPU%
2      	1000000	3.81   	9.62   	  59.62
4      	1000000	7.47   	9.43   	  60.38
8      	1000000	14.98  	7.55   	  60.38
16     	1000000	29.03  	7.69   	  69.23
32     	1000000	56.21  	9.43   	  67.92
64     	1000000	114.62 	14.29  	  58.93
128    	1000000	222.51 	11.76  	  76.47
256    	1000000	409.18 	6.56   	  77.05
512    	1000000	751.46 	8.33   	  86.67
1024   	1000000	1286.53	6.49   	  88.31
2048   	1000000	1898.48	3.81   	  95.24
4096   	1000000	2593.38	3.16   	  95.57
8192   	1000000	2965.22	1.45   	  98.19
16384  	1000000	3119.16	1.33   	  98.48
32768  	1000000	3211.78	0.98   	  98.82
65536  	1000000	3295.75	0.55   	  99.25
