# ip experiment:
# Up to 2^26 bytes, each 5 seconds with up to 1 threads (server addr: 192.168.1.1)
# to reproduce this result, use commit 2c6f232a1cc59166aab9adba658007d3a0ea0a9b *

threads	buffer	iter	bw	lat	ucpu	scpu	ucpu_s	scpu_s
1	1	8937766	   3.57	   0.56	  16.80	  82.80	   8.18	  66.46
1	2	9050923	   7.24	   0.55	  16.60	  83.20	   9.65	  61.60
1	3	8936637	  14.30	   0.56	  15.20	  84.40	  10.25	  61.07
1	4	8588332	  27.48	   0.58	  12.80	  86.80	   7.22	  60.41
1	5	8875295	  56.80	   0.56	  16.60	  83.20	   9.15	  64.02
1	6	8686209	 111.18	   0.58	  16.20	  83.60	   8.40	  66.00
1	7	7965912	 203.91	   0.63	  15.00	  84.80	   7.92	  67.29
1	8	8009965	 410.08	   0.62	  15.00	  84.80	   8.23	  75.31
1	9	7025358	 719.35	   0.71	  13.80	  85.80	   7.77	  77.71
1	10	5968024	1222.17	   0.84	  11.80	  87.80	   6.30	  89.71
1	11	4649421	1904.28	   1.08	   9.18	  90.42	   5.88	  93.91
1	12	3119040	2554.95	   1.60	   6.10	  83.94	   2.20	  97.40
1	13	1769325	2898.67	   2.83	   3.77	  79.71	   1.60	  98.00
1	14	939257	3077.56	   5.32	   2.33	  75.42	   1.20	  98.80
1	15	486757	3189.77	  10.27	   0.85	  71.25	   0.40	  99.40
1	16	248589	3258.09	  20.11	   0.83	  54.65	   0.60	  99.20
1	17	125056	3278.05	  39.98	   0.89	  58.29	   0.20	  99.40
1	18	67441	3535.55	  74.15	   0.79	  73.77	   0.00	 100.00
1	19	34109	3576.25	 146.60	   0.20	  74.31	   0.00	  99.60
1	20	17111	3587.93	 292.25	   0.00	  74.70	   0.00	  99.60
1	21	8499	3563.78	 588.46	   0.00	  79.20	   0.20	  99.60
1	22	4180	3504.64	1196.79	   0.00	  68.38	   0.00	  99.80
1	23	1981	3321.56	2525.50	   0.00	  65.74	   0.00	  99.00
1	24	683	2288.25	7331.89	   0.20	  46.28	   0.00	  96.01
1	25	290	1932.22	17365.75	   0.00	  49.12	   0.00	  96.51
1	26	146	1932.97	34718.03	   0.00	  53.17	   0.00	  94.42
#CHECKED
