# ip experiment:
# Up to 2^12 bytes, each 3 seconds with up to 40 threads (server addr: 192.168.1.1)
# to reproduce this result, use commit 845069ef3073c61f9eb99d72d7a5e995c543fb70 *

threads	buffer	iter	bw	lat	ucpu	scpu	ucpu_s	scpu_s
1  12  2095501  2861.05  1.43  8.00  91.67  3.00  89.33
2  12  2089228  1425.77  2.87  6.06  94.62  3.17  89.33
3  12  2102393  956.72  4.28  6.71  94.08  3.67  88.67
4  12  2117766  721.69  5.68  6.69  93.82  2.82  89.54
5  12  2102499  573.45  7.14  5.35  94.92  4.99  87.43
6  12  2078945  472.77  8.66  6.01  94.21  3.00  88.95
7  12  2307393  449.95  9.10  8.02  92.22  4.67  89.75
8  12  2295937  391.77  10.46  9.35  90.90  4.00  90.26
9  12  2298178  348.45  11.76  7.35  93.03  4.99  89.24
10  12  2292611  312.97  13.09  6.34  93.83  3.33  90.91
11  12  2291667  284.20  14.41  6.67  93.42  3.68  90.90
12  12  2285418  259.89  15.76  8.56  94.15  3.01  91.69
13  12  2293216  240.70  17.02  8.56  94.09  4.68  89.92
14  12  2286444  222.80  18.38  6.83  95.45  5.01  89.47
15  12  2289330  208.18  19.68  6.14  96.11  4.01  90.61
16  12  2310881  197.07  20.78  7.83  94.46  4.78  90.07
17  12  2302614  184.82  22.16  6.46  95.49  5.00  89.71
18  12  2302980  174.50  23.47  7.81  94.20  3.67  91.33
19  12  2300149  165.12  24.81  10.06  91.72  4.67  90.00
20  12  2299167  156.80  26.12  10.50  91.13  4.33  90.28
21  12  2302834  149.55  27.39  9.14  92.49  5.00  89.60
22  12  2311217  143.25  28.60  9.47  92.07  6.67  88.06
23  12  2284837  135.41  30.25  8.78  92.86  3.66  90.68
24  12  2312581  131.35  31.19  6.75  94.63  4.33  90.56
25  12  2293753  125.04  32.76  8.43  92.82  4.33  90.41
26  12  2302129  120.76  33.92  6.75  94.49  4.99  89.85
27  12  2290183  115.70  35.40  7.42  94.04  4.33  90.14
28  12  2300625  112.02  36.57  8.32  92.92  3.99  90.66
29  12  2286615  107.47  38.11  6.07  95.32  3.99  90.43
30  12  2303061  104.67  39.13  8.42  92.87  3.99  90.68
31  12  2306230  101.44  40.38  6.73  94.48  4.99  89.76
32  12  2282384  97.25  42.12  9.56  91.63  4.65  89.93
33  12  2291478  94.57  43.31  8.40  92.83  5.32  89.21
34  12  2283083  91.48  44.78  8.14  92.79  4.31  90.13
35  12  2282356  88.86  46.10  9.27  91.70  3.99  90.56
36  12  2294420  86.88  47.15  9.41  91.67  3.99  90.53
37  12  2287140  84.17  48.67  6.94  94.00  4.65  90.03
38  12  2301711  82.54  49.63  7.32  93.69  5.65  89.12
39  12  2287708  79.90  51.26  7.37  93.59  5.98  88.68
40  12  2269665  77.27  53.02  7.37  93.21  4.65  89.67

#CHECKED
