# ip experiment:
# Up to 2^26 bytes, each 5 seconds with up to 1 threads (server addr: 192.168.1.1)
# to reproduce this result, use commit f3096dbb44238dd2c6d90a8e861b9199c4e7144b *

threads	buffer	iter  bw	lat	ucpu	scpu	ucpu_s	scpu_s
1	1	8579766	   3.43	   0.58	  15.40	  84.40	   7.41	  64.81
1	2	9219002	   7.37	   0.54	  15.83	  83.97	  10.16	  58.17
1	3	8397847	  13.44	   0.60	  17.40	  82.00	   8.65	  54.12
1	4	9219085	  29.50	   0.54	  16.40	  83.20	   9.77	  62.37
1	5	9069052	  58.04	   0.55	  18.36	  81.04	  10.12	  62.40
1	6	8545026	 109.36	   0.59	  15.40	  84.20	   9.36	  62.99
1	7	8972827	 229.69	   0.56	  17.40	  82.20	  10.10	  68.66
1	8	7681472	 393.26	   0.65	  14.17	  85.43	   9.28	  66.19
1	9	7375366	 755.17	   0.68	  14.60	  84.80	   8.37	  78.78
1	10	5784590	1184.58	   0.86	   9.40	  90.00	   5.43	  87.89
1	11	4265851	1747.11	   1.17	   9.20	  90.40	   3.48	  93.87
1	12	3088633	2529.99	   1.62	   6.35	  84.13	   3.39	  95.41
1	13	1619750	2653.47	   3.09	   3.20	  85.60	   2.25	  93.66
1	14	862108	2824.59	   5.80	   2.40	  82.97	   1.00	  94.18
1	15	473355	3101.76	  10.56	   2.29	  73.75	   1.19	  95.06
1	16	223198	2925.19	  22.40	   1.22	  84.15	   0.40	  94.53
1	17	119795	3139.95	  41.74	   1.00	  79.12	   0.20	  96.01
1	18	63934	3351.65	  78.21	   0.41	  81.50	   0.40	  95.84
1	19	31836	3336.10	 157.16	   0.20	  81.17	   0.00	  96.56
1	20	16512	3461.94	 302.89	   0.00	  83.70	   0.20	  97.99
1	21	8391	3518.63	 596.01	   0.00	  79.76	   0.00	  98.80
1	22	3982	3338.48	1256.35	   0.00	  83.60	   0.00	  97.19
1	23	1918	3215.31	2608.96	   0.20	  79.84	   0.00	  96.17
1	24	750	2512.03	6678.76	   0.00	  74.50	   0.00	  92.87
1	25	345	2306.94	14544.97	   0.00	  70.97	   0.00	  91.12
1	26	175	2333.09	28763.95	   0.00	  70.87	   0.00	  93.25

#CHECKED
