# ip experiment:
# Up to 2^24 bytes, each 3 seconds with up to 1 threads (server addr: 192.168.1.1)
# to reproduce this result, use commit 8021c4ac38fb1a71026e8919a6acff5fcd1df048 *

threads	buffer	iter	bw	lat	ucpu	scpu	ucpu_s	scpu_s
1  1  5956025  3.97  0.50  18.67  81.00  10.33  67.33
1  2  6325707  8.43  0.47  25.75  74.58  10.67  63.33
1  3  6321531  16.86  0.47  26.00  74.00  10.00  64.00
1  4  6226392  33.21  0.48  17.67  82.00  9.33  64.33
1  5  6131276  65.40  0.49  19.67  80.00  11.00  62.33
1  6  6120585  130.57  0.49  22.33  77.67  9.67  65.67
1  7  6011690  256.50  0.50  17.06  82.94  10.67  69.00
1  8  5452386  465.27  0.55  17.33  82.33  8.33  71.00
1  9  4927325  840.93  0.61  15.33  84.67  9.00  73.00
1  10  4148183  1415.91  0.72  14.33  85.33  6.67  82.67
1  11  3186379  2175.23  0.94  11.67  88.33  7.67  84.33
1  12  2090000  2853.54  1.44  7.33  92.67  4.33  87.67
1  13  1266716  3458.97  2.37  4.33  87.00  2.36  89.19
1  14  639535  3492.70  4.69  2.67  80.67  3.38  85.81
1  15  317258  3465.19  9.46  2.67  74.67  1.35  85.52
1  16  160240  3500.31  18.72  1.00  75.33  1.01  86.20
1  17  79032  3452.88  37.96  1.00  73.67  1.01  86.24
1  18  39840  3481.20  75.30  0.33  72.24  0.67  86.87
1  19  19995  3494.09  150.05  0.00  70.33  0.67  86.20
1  20  9813  3429.32  305.77  0.33  67.33  1.01  85.52
1  21  4852  3390.69  618.50  0.00  66.67  1.01  84.90
1  22  2368  3308.17  1267.86  0.00  64.33  0.67  83.16
1  23  1138  3178.10  2639.51  0.00  61.67  0.67  83.56
1  24  618  3447.55  4866.42  0.00  62.67  0.33  97.33
#CHECKED
