# ip experiment:
# Up to 2^26 bytes, each 5 seconds with up to 1 threads (server addr: 192.168.1.1)
# to reproduce this result, use commit 0d5bb5dcd9e3a429a25db8e3d08d9c06cc01a3b7 *

threads	buffer	iter	bw	lat	ucpu	scpu	ucpu_s	scpu_s
1	1	8925265	   3.57	   0.56	  17.40	  82.40	   9.92	  68.57
1	2	9150312	   7.32	   0.55	  18.20	  81.60	   9.98	  61.71
1	3	8927020	  14.28	   0.56	  16.40	  83.40	   9.66	  55.73
1	4	9141923	  29.25	   0.55	  16.80	  83.00	   9.05	  61.17
1	5	8796991	  56.30	   0.57	  16.60	  83.00	   8.96	  59.06
1	6	8617472	 110.30	   0.58	  15.40	  84.40	   9.92	  58.93
1	7	7998316	 204.75	   0.63	  16.23	  83.77	   7.74	  61.30
1	8	8146665	 417.09	   0.61	  15.80	  83.80	   8.66	  67.22
1	9	7138486	 730.94	   0.70	  12.57	  87.03	   7.50	  70.42
1	10	6348150	1300.03	   0.79	  11.60	  88.20	   7.04	  77.64
1	11	4682671	1917.92	   1.07	   9.60	  90.00	   5.62	  87.08
1	12	3344997	2740.08	   1.49	   6.60	  93.20	   4.40	  91.40
1	13	2045196	3350.67	   2.44	   4.82	  87.35	   3.64	  94.22
1	14	1025903	3361.48	   4.87	   2.44	  81.30	   2.35	  92.95
1	15	517325	3390.15	   9.67	   1.85	  76.95	   0.65	  93.71
1	16	260191	3410.17	  19.22	   2.14	  70.57	   0.43	  94.35
1	17	127714	3347.75	  39.15	   0.61	  72.53	   1.08	  92.89
1	18	64842	3399.34	  77.12	   0.20	  71.78	   0.64	  92.54
1	19	32169	3372.73	 155.45	   0.60	  67.40	   0.86	  93.30
1	20	15929	3340.02	 313.94	   0.00	  66.46	   0.64	  91.70
1	21	7924	3322.57	 631.18	   0.00	  62.14	   0.67	  94.67
1	22	3850	3227.84	1299.42	   0.00	  57.59	   0.87	  91.34
1	23	1868	3131.42	2678.85	   0.00	  52.88	   0.64	  91.45
1	24	1003	3360.85	4991.95	   0.00	  60.40	   0.00	  99.59
1	25	405	2707.95	12391.10	   0.00	  54.55	   0.00	  94.61
1	26	207	2763.06	24287.86	   0.00	  61.27	   0.00	  97.00

#CHECKED
