# ip experiment to measure lat:
# Up to 2^24 bytes, each 1000 iterations on 1 threads (server addr: 10.116.60.2)
# to reproduce this result, use commit 1279a065e87adfa7d6bcd8208a190f0ab9c8866a *

#thread	#bytes	iter.	latency
1      	2	1000	0.65   	
1      	4	1000	0.55   	
1      	8	1000	0.83   	
1      	16	1000	0.84   	
1      	32	1000	0.91   	
1      	64	1000	0.84   	
1      	128	1000	0.99   	
1      	256	1000	1.80   	
1      	512	1000	3.62   	
1      	1024	1000	7.35   	
1      	2048	1000	14.60  	
1      	4096	1000	28.00  	
1      	8192	1000	57.22  	
1      	16384	1000	113.63 	
1      	32768	1000	252.52 	
1      	65536	1000	530.68 	
1      	131072	1000	1081.08	
1      	262144	1000	2192.42	
1      	524288	1000	4398.20	
1      	1048576	1000	8818.59	
1      	2097152	1000	17655.62	
1      	4194304	1000	35339.36	
1      	8388608	1000	70701.43	
1      	16777216	1000	141406.03	

#CHECKED
