# ip experiment to measure lat:
# Up to 2^24 bytes, each 1000 iterations on 1 threads (server addr: 192.168.1.1)
# to reproduce this result, use commit 1279a065e87adfa7d6bcd8208a190f0ab9c8866a *

#thread	#bytes	iter.	latency
1      	2	1000	0.70   	
1      	4	1000	0.65   	
1      	8	1000	0.72   	
1      	16	1000	0.72   	
1      	32	1000	0.76   	
1      	64	1000	0.76   	
1      	128	1000	0.72   	
1      	256	1000	0.75   	
1      	512	1000	0.76   	
1      	1024	1000	0.83   	
1      	2048	1000	1.04   	
1      	4096	1000	1.61   	
1      	8192	1000	2.59   	
1      	16384	1000	4.80   	
1      	32768	1000	8.35   	
1      	65536	1000	16.65  	
1      	131072	1000	31.53  	
1      	262144	1000	59.93  	
1      	524288	1000	117.22 	
1      	1048576	1000	229.33 	
1      	2097152	1000	455.79 	
1      	4194304	1000	959.15 	
1      	8388608	1000	2170.02	
1      	16777216	1000	5843.76	

#CHECKED
