ip experiment: Up to 2^20 bytes, each 1000 iterations (server addr: 192.168.1.1)
* to recreate this result, use commit 4e9928e49671fb2afd913407533a5a2d40870e78 *
#bytes      #iterations      Avg. BW
 2          1000            5.14            0.00   
 4          1000            10.39           0.00   
 8          1000            19.28           0.00   
 16         1000            41.45           0.00   
 32         1000            76.19           0.00   
 64         1000            153.11          0.00   
 128        1000            285.71          0.00   
 256        1000            476.72          0.00   
 512        1000            932.60          0.00   
 1024       1000            1363.52         0.00   
 2048       1000            1802.82         0.00   
 4096       1000            2701.85         0.00   
 8192       1000            2879.44         0.00   
 16384      1000            2706.76         0.01   
 32768      1000            2317.56         0.01   
 65536      1000            4.15            0.03   
 131072     1000            2140.58         0.06   
 262144     1000            2245.75         0.12   
 524288     1000            32.78           0.22   
 1048576    1000            2554.31         0.41   
