ip experiment: Up to 2^15 bytes, each 1000 iterations (server addr: 192.168.1.1)
* to recreate this result, use commit 4e9928e49671fb2afd913407533a5a2d40870e78 *
#bytes      #iterations      Avg. BW
 2          1000            5.15            0.00   
 4          1000            9.48            0.00   
 8          1000            19.23           0.00   
 16         1000            37.12           0.00   
 32         1000            68.67           0.00   
 64         1000            153.11          0.00   
 128        1000            288.94          0.00   
 256        1000            480.30          0.00   
 512        1000            911.03          0.00   
 1024       1000            1326.42         0.00   
 2048       1000            1935.73         0.00   
 4096       1000            2552.02         0.00   
 8192       1000            2510.57         0.00   
 16384      1000            2595.28         0.01   
 32768      1000            2314.94         0.01   
