#bytes	iter.	Avg. BW	UCPU%	SCPU%
2      	5000	3.88   	0.00   	   0.00
4      	5000	7.36   	0.00   	   0.00
8      	5000	10.71  	-nan   	   -nan
16     	5000	19.36  	-nan   	   -nan
32     	5000	37.73  	-nan   	   -nan
64     	5000	67.64  	0.00   	   0.00
128    	5000	109.18 	0.00   	   0.00
256    	5000	109.79 	0.00   	   0.00
512    	5000	114.43 	0.00   	   0.00
1024   	5000	116.79 	0.00   	   0.00
2048   	5000	117.26 	0.00   	  11.11
4096   	5000	117.38 	0.00   	   5.88
8192   	5000	117.49 	0.00   	   9.38
16384  	5000	117.58 	0.00   	   8.57
32768  	5000	117.66 	0.00   	   8.63
65536  	5000	117.67 	0.00   	   8.27
131072 	5000	117.68 	0.37   	   8.09
262144 	5000	117.68 	0.09   	   8.29
524288 	5000	117.68 	0.19   	   8.75
1048576	5000	117.68 	0.16   	   7.97
2097152	5000	117.68 	0.17   	   8.09
