#bytes	iter.	Avg. BW	UCPU%	SCPU%
2      	10000	3.44   	-nan   	   -nan
4      	10000	6.38   	-nan   	   -nan
8      	10000	13.42  	0.00   	   0.00
16     	10000	3.75   	0.00   	   0.00
32     	10000	52.99  	-nan   	   -nan
64     	10000	112.20 	0.00   	   0.00
128    	10000	205.99 	0.00   	   0.00
256    	10000	418.30 	0.00   	   0.00
512    	10000	746.25 	0.00   	   0.00
1024   	10000	1243.93	0.00   	   0.00
2048   	10000	1956.44	0.00   	   0.00
4096   	10000	2389.73	0.00   	 100.00
8192   	10000	2956.97	0.00   	  66.67
16384  	10000	3152.83	0.00   	 100.00
32768  	10000	3264.23	0.00   	 100.00
65536  	10000	3301.94	0.00   	  95.00
131072 	10000	3330.13	0.00   	 100.00
262144 	10000	3553.98	0.00   	 100.00
524288 	10000	3567.25	0.00   	  99.32
1048576	10000	3557.89	0.00   	  99.32
2097152	10000	3584.32	0.00   	  99.66
4194304	10000	3536.29	0.00   	  99.92
8388608	10000	3392.02	0.04   	  98.46
16777216	10000	2709.57	0.05   	  97.29
33554432	10000	2535.24	0.05   	  97.29
67108864	10000	2496.92	0.05   	  95.65


#ip over ib, thread 1, notice how bw decreases
