ip experiment: Up to 2^20 bytes, each 10000 iterations (server addr: 192.168.1.1)
* to recreate this result, use commit 9d98b83a7c187a1be6c1042041bf006287997cea *
#bytes      #iterations      Peak BW       Avg. BW
 2          10000           4.95               4.48   
 4          10000           9.90               9.01   
 8          10000           19.79              18.13  
 16         10000           39.59              35.90  
 32         10000           78.80              70.23  
 64         10000           156.87             136.56 
 128        10000           309.40             263.58 
 256        10000           602.16             478.73 
 512        10000           1142.82            839.43 
 1024       10000           2034.57            1274.06
 2048       10000           3285.17            1575.58
 4096       10000           4721.98            1802.12
 8192       10000           5984.69            1950.09
 16384      10000           6772.27            1926.45
 32768      10000           7502.41            1932.46
 65536      10000           7424.63            1983.00
 131072     10000           7525.40            1979.89
 262144     10000           7578.49            2109.72
 524288     10000           7604.69            411.78 
 1048576    10000           5364.39            441.80 
