ip experiment: Up to 2^15 bytes, each 1000 iterations (server addr: 192.168.1.1)
* to recreate this result, use commit 6622b6782c0df9cb451bacee06a9dbc405f4d10c *
#bytes      #iterations      Peak BW       Avg. BW
 2          1000           4.95               4.53   
 4          1000           9.90               9.52   
 8          1000           19.61              19.08  
 16         1000           39.40              37.90  
 32         1000           78.44              70.09  
 64         1000           155.42             140.94 
 128        1000           306.58             270.16 
 256        1000           591.55             511.83 
 512        1000           1123.69            922.03 
 1024       1000           2004.20            1607.89
 2048       1000           3225.98            2331.92
 4096       1000           4590.82            3080.89
 8192       1000           5926.90            3702.53
 16384      1000           6788.32            3915.25
 32768      1000           6972.83            4089.12
