ip experiment: Up to 2^15 bytes, each 1000 iterations (server addr: 192.168.1.1)
* to recreate this result, use commit d7518bf1a8245e3881a206fabd6341cb49a13b79 *
#bytes      #iterations      Peak BW       Avg. BW
 2          1000           4.95               4.08   
 4          1000           9.85               8.24   
 8          1000           19.79              16.39  
 16         1000           39.40              29.99  
 32         1000           78.44              53.31  
 64         1000           155.42             92.91  
 128        1000           305.18             144.46 
 256        1000           594.17             199.85 
 512        1000           1123.69            244.14 
 1024       1000           1996.75            278.31 
 2048       1000           3216.32            299.49 
 4096       1000           4590.82            311.03 
 8192       1000           5935.09            317.19 
 16384      1000           6772.27            317.92 
 32768      1000           6947.46            319.10 
