ip experiment: Up to 2^20 bytes, each 1000 iterations (server addr: 192.168.1.1)
* to recreate this result, use commit 6622b6782c0df9cb451bacee06a9dbc405f4d10c *
#bytes      #iterations      Peak BW       Avg. BW
 2          1000           4.95               4.41   
 4          1000           9.85               9.56   
 8          1000           19.79              19.00  
 16         1000           39.40              38.17  
 32         1000           78.07              67.21  
 64         1000           155.42             138.69 
 128        1000           306.58             275.49 
 256        1000           594.17             512.66 
 512        1000           1119.01            949.49 
 1024       1000           2004.20            1516.68
 2048       1000           3216.32            2192.50
 4096       1000           4439.05            3041.85
 8192       1000           5926.90            3597.81
 16384      1000           6761.61            3983.05
 32768      1000           6908.37            4137.36
 65536      1000           4412.27            3852.52
 131072     1000           7079.81            4408.66
