#ip experiment: Up to 2^20 bytes, each 10000 iterations (server addr: 192.168.1.1)
#* to reproduce this result, use commit 8ad643326f967bc030eabb9b8e411769bb35b35d *
#bytes	#iterations	Avg. BW	CPU%
2      	10000	5.21   	0.0000159
4      	10000	10.33  	0.0000157
8      	10000	20.75  	0.0000158
16     	10000	41.02  	0.0000156
32     	10000	80.48  	0.0000153
64     	10000	156.40 	0.0000149
128    	10000	298.37 	0.0000160
256    	10000	541.34 	0.0000145
512    	10000	948.15 	0.0000155
1024   	10000	1425.99	0.0000159
2048   	10000	1855.41	0.0000159
4096   	10000	1982.10	0.0000159
8192   	10000	2048.15	0.0000158
16384  	10000	2033.89	0.0000160
32768  	10000	2039.02	0.0000160
65536  	10000	40.73  	0.0000003
131072 	10000	2082.61	0.0000160
262144 	10000	154.57 	0.0000011
524288 	10000	28.09  	0.0000010
1048576	10000	28.21  	0.0000010
