#ip experiment: Up to 2^20 bytes, each 10 iterations (server addr: 192.168.1.1)
#* to reproduce this result, use commit 8ad643326f967bc030eabb9b8e411769bb35b35d *
#bytes	#iterations	Avg. BW	CPU%
2      	10	2.86   	0.0000000
4      	10	6.67   	0.0000000
8      	10	13.33  	0.0000000
16     	10	26.67  	0.0000000
32     	10	53.33  	0.0000000
64     	10	106.67 	0.0000000
128    	10	213.33 	0.0000000
256    	10	365.71 	0.0000000
512    	10	731.43 	0.0000000
1024   	10	1280.00	0.0000000
2048   	10	2048.00	0.0000000
4096   	10	2275.56	0.0000000
8192   	10	3034.07	0.0000000
16384  	10	3996.10	0.0000000
32768  	10	3120.76	0.0000000
65536  	10	3244.36	0.0000000
131072 	10	4134.76	0.0000000
262144 	10	4201.03	0.0000122
524288 	10	2906.25	0.0000127
1048576	10	2411.07	0.0000158
