ip experiment: Up to 2^20 bytes, each 1000 iterations (server addr: 192.168.1.1)
* to recreate this result, use commit 6622b6782c0df9cb451bacee06a9dbc405f4d10c *
#bytes      #iterations      Peak BW       Avg. BW
 2          1000           4.95               4.79   
 4          1000           9.90               9.41   
 8          1000           19.70              19.10  
 16         1000           39.40              36.57  
 32         1000           78.44              69.03  
 64         1000           155.42             139.39 
 128        1000           305.18             270.84 
 256        1000           588.95             515.21 
 512        1000           1133.18            840.28 
 1024       1000           2004.20            1504.29
 2048       1000           3245.47            2188.04
 4096       1000           4640.39            3070.46
 8192       1000           5935.09            3824.62
 16384      1000           6756.30            3986.42
 32768      1000           6958.71            4062.24
 65536      1000           4369.09            3875.34
