ip experiment: Up to 2^16 bytes, each 1 iterations (server addr: 192.168.1.1)
* to recreate this result, use commit 6622b6782c0df9cb451bacee06a9dbc405f4d10c *
#bytes      #iterations      Peak BW       Avg. BW
 2          1           0.61               0.61   
 4          1           0.61               0.61   
 8          1           1.20               1.20   
 16         1           2.33               2.33   
 32         1           4.57               4.57   
 64         1           9.04               9.04   
 128        1           18.29              18.29  
 256        1           99.39              99.39  
 512        1           198.79             198.79 
 1024       1           136.71             136.71 
 2048       1           278.95             278.95 
 4096       1           456.93             456.93 
 8192       1           708.61             708.61 
 16384      1           1014.76            1014.76
 32768      1           1604.71            1604.71
 65536      1           2296.02            2296.02
