ip experiment: Up to 2^20 bytes, each 1 iterations (server addr: 192.168.1.1)
* to recreate this result, use commit 5bce23017b1b7776ec076271f6b59de999dd16bb *
#bytes      #iterations      Peak BW       Avg. BW
 2          1           0.65               0.65   
 4          1           0.56               0.56   
 8          1           3.83               3.83   
 16         1           6.08               6.08   
 32         1           4.72               4.72   
 64         1           8.95               8.95   
 128        1           17.96              17.96  
 256        1           125.50             125.50 
 512        1           197.18             197.18 
 1024       1           377.99             377.99 
 2048       1           261.18             261.18 
 4096       1           1541.25            1541.25
 8192       1           858.89             858.89 
 16384      1           2990.26            2990.26
 32768      1           1746.22            1746.22
 65536      1           2583.69            2583.69
