# rdma experiment:
# Up to 2^24 bytes, each 3 seconds with up to 1 threads (server addr: 192.168.1.1)
# to reproduce this result, use commit 8021c4ac38fb1a71026e8919a6acff5fcd1df048 *

threads	buffer	iter	bw	lat	ucpu	scpu	ucpu_s	scpu_s
1  1  6132100  4.09  0.49  65.90  31.42  0.00  0.00
1  2  6105250  8.14  0.49  71.65  25.29  0.00  0.00
1  3  6152300  16.41  0.49  69.88  27.80  0.00  0.00
1  4  6061950  32.33  0.49  72.09  26.36  0.00  0.00
1  5  6187300  66.00  0.48  74.81  23.64  0.00  0.00
1  6  6053050  129.13  0.50  71.91  22.47  0.00  0.00
1  7  6113600  260.84  0.49  69.20  22.83  0.00  0.00
1  8  6087450  519.45  0.49  71.65  24.52  0.00  0.00
1  9  5984700  1021.37  0.50  69.66  24.34  0.00  0.00
1  10  5923400  2021.82  0.51  68.68  24.15  0.00  0.00
1  11  4739850  3235.66  0.63  55.60  16.97  0.00  0.00
1  12  3061950  4180.49  0.98  34.72  11.81  0.00  0.00
1  13  1891050  5163.65  1.59  20.98  6.29  0.00  0.00
1  14  936000  5111.35  3.21  17.12  5.82  0.00  0.00
1  15  372900  4072.52  8.05  13.52  8.90  0.00  0.00
1  16  228250  4984.89  13.15  8.33  5.21  0.00  0.00
1  17  129050  5634.68  23.26  3.73  3.39  0.00  0.00
1  18  69000  6024.35  43.51  1.68  2.02  0.00  0.00
1  19  35850  6248.52  83.91  1.34  0.33  0.00  0.00
1  20  18300  6365.62  164.72  0.33  0.67  0.00  0.00
1  21  9250  6427.87  326.26  0.66  0.00  0.00  0.00
1  22  4700  6458.92  649.38  0.00  0.33  0.00  0.00
1  23  2400  6474.20  1295.70  0.00  0.32  0.00  0.00
1  24  1250  6481.59  2588.44  0.00  0.00  0.00  0.00

#CHECKED
