# rdma experiment:
# Up to 2^18 bytes, each 3 seconds with up to 40 threads (server addr: 192.168.1.1)
# to reproduce this result, use commit 845069ef3073c61f9eb99d72d7a5e995c543fb70 *

threads	buffer	iter	bw	lat	ucpu	scpu	ucpu_s	scpu_s
1  18  69100  6030.07  43.47  1.68  2.01  0.00  0.00
2  18  71900  3133.79  83.65  1.68  1.68  0.00  0.00
3  18  73700  2140.45  122.47  2.33  0.67  0.00  0.00
4  18  74450  1620.65  161.75  2.00  1.33  0.00  0.00
5  18  74600  1296.46  202.20  1.99  1.32  0.00  0.00
6  18  74750  1080.33  242.65  1.65  1.98  0.00  0.00
7  18  74700  927.05  282.77  2.51  1.33  0.00  0.00
8  18  74800  810.90  323.27  1.33  1.66  0.00  0.00
9  18  74850  721.13  363.52  1.99  1.66  0.00  0.00
10  18  75000  649.57  403.57  0.99  1.29  0.00  0.00
11  18  74850  589.87  444.41  0.99  1.83  0.00  0.00
12  18  75000  540.64  484.87  2.34  0.99  0.00  0.00
13  18  75400  499.42  524.90  1.97  1.31  0.00  0.00
14  18  75400  464.11  564.84  0.99  2.00  0.00  0.00
15  18  75150  433.01  605.40  1.65  1.67  0.00  0.00
16  18  75200  405.65  646.23  0.99  2.04  0.00  0.00
17  18  75650  381.82  686.56  0.98  1.97  0.00  0.00
18  18  75600  360.49  727.18  1.31  2.29  0.00  0.00
19  18  76000  341.51  767.60  2.28  1.25  0.00  0.00
20  18  76000  324.50  807.84  1.30  2.07  0.00  0.00
21  18  75600  309.09  848.11  1.44  1.77  0.00  0.00
22  18  75900  294.99  888.67  1.63  2.20  0.00  0.00
23  18  75900  282.24  928.80  1.63  2.06  0.00  0.00
24  18  75650  270.54  968.97  0.98  2.95  0.00  0.00
25  18  76250  259.69  1009.44  1.95  1.79  0.00  0.00
26  18  76700  249.73  1049.72  2.22  1.61  0.00  0.00
27  18  76100  241.20  1086.86  1.61  2.41  0.00  0.00
28  18  76600  232.50  1127.52  0.97  2.93  0.00  0.00
29  18  76850  223.92  1170.70  1.94  2.06  0.00  0.00
30  18  76500  216.48  1210.95  1.73  2.05  0.00  0.00
31  18  76100  209.69  1250.19  1.70  2.26  0.00  0.00
32  18  76800  202.98  1291.46  2.26  1.68  0.00  0.00
33  18  76500  197.50  1327.40  2.28  1.65  0.00  0.00
34  18  76500  191.05  1372.10  2.24  1.62  0.00  0.00
35  18  77000  185.60  1412.40  2.57  1.00  0.00  0.00
36  18  77400  180.43  1452.90  1.60  2.62  0.00  0.00
37  18  77700  175.58  1493.04  1.60  2.60  0.00  0.00
38  18  77900  170.96  1533.37  1.91  2.19  0.00  0.00
39  18  78000  166.58  1573.72  1.74  2.17  0.00  0.00
40  18  78000  162.42  1613.98  1.27  2.78  0.00  0.00

#CHECKED
