#rdma experiment: Up to 2^20 bytes, each 10000 iterations (server addr: 192.168.1.1)
#* to reproduce this result, use commit 2b4864c6d513a9b22170ad96efd49dd940308f77 *
#verb: r
#bytes	iter.	Avg. BW	CPU%
2      	10000	13.21  	0.00   
4      	10000	26.94  	0.00   
8      	10000	54.02  	0.00   
16     	10000	108.47 	0.00   
32     	10000	215.63 	0.00   
64     	10000	432.72 	0.00   
128    	10000	861.37 	0.00   
256    	10000	1712.37	0.00   
512    	10000	3045.81	0.00   
1024   	10000	5520.22	0.00   
2048   	10000	6372.12	0.00   
4096   	10000	6470.77	0.00   
8192   	10000	6476.91	0.00   
16384  	10000	6485.12	0.00   
32768  	10000	6489.36	0.00   
65536  	10000	6489.93	0.00   
131072 	10000	82.03  	0.00   
262144 	10000	6491.61	0.00   
524288 	10000	316.13 	0.00   
1048576	10000	316.12 	0.00   
