# rdma experiment:
# Up to 2^24 bytes, each 3 seconds with up to 1 threads (server addr: 192.168.1.1)
# to reproduce this result, use commit 8021c4ac38fb1a71026e8919a6acff5fcd1df048 *

threads	buffer	iter	bw	lat	ucpu	scpu	ucpu_s	scpu_s
1  1  6067350  4.04  0.49  75.00  23.83  45.63  27.78
1  2  6065000  8.09  0.49  72.24  23.95  39.93  28.21
1  3  6044450  16.12  0.50  75.40  26.61  39.30  32.30
1  4  6043100  32.23  0.50  74.44  21.05  43.59  24.18
1  5  6048200  64.51  0.50  70.72  25.48  44.06  26.82
1  6  6069350  129.48  0.49  71.10  25.48  43.68  22.38
1  7  5999750  255.99  0.50  67.28  24.26  43.70  28.35
1  8  6002700  512.22  0.50  67.05  28.03  42.86  25.94
1  9  5967300  1018.40  0.50  72.59  23.55  43.12  24.54
1  10  5806700  1981.99  0.52  69.23  26.15  41.06  26.62
1  11  4764500  3252.50  0.63  57.36  18.49  49.16  47.48
1  12  3173200  4332.35  0.95  35.42  10.42  48.33  47.50
1  13  1893350  5169.84  1.58  19.58  7.69  42.74  52.56
1  14  1053050  5750.72  2.85  11.30  4.11  44.87  55.56
1  15  373400  4077.90  8.04  11.85  10.10  23.68  28.57
1  16  228500  4990.51  13.13  7.67  5.57  17.84  30.11
1  17  129200  5640.53  23.24  3.41  3.75  21.15  31.92
1  18  67200  5864.29  44.70  1.69  2.03  17.45  28.00
1  19  35050  6109.05  85.82  1.01  1.01  10.51  22.46
1  20  18250  6356.73  164.96  0.67  0.33  2.41  5.50
1  21  9200  6367.22  329.37  0.00  0.33  3.77  7.88
1  22  4650  6427.30  652.58  0.33  0.00  4.48  6.90
1  23  2400  6457.43  1299.06  0.00  0.32  2.33  3.33
1  24  1250  6464.22  2595.40  0.00  0.00  1.29  1.62
#CHECKED
