# rdma experiment to measure bw:
# Up to 2^24 bytes, each 10000 iterations on 1 threads (server addr: 192.168.1.1)
# to reproduce this result, use commit 8da9f5644b3012f7c8001d0b3d14055eeae1f15d *

#thread	#bytes	iter.	Avg. BW	UCPU%	SCPU%	UCPU%(s)	SCPU%(s)
1      	2	10000	7.13   	0.00   	   0.00	   0.00	   0.00
1      	4	10000	14.73  	0.00   	   0.00	   0.00	   0.00
1      	8	10000	28.69  	0.00   	   0.00	   0.00	   0.00
1      	16	10000	58.95  	0.00   	   0.00	   0.00	   0.00
1      	32	10000	114.12 	0.00   	   0.00	   0.00	   0.00
1      	64	10000	227.35 	0.00   	   0.00	   0.00	   0.00
1      	128	10000	469.38 	0.00   	   0.00	   0.00	   0.00
1      	256	10000	910.38 	0.00   	   0.00	   0.00	   0.00
1      	512	10000	1845.71	0.00   	   0.00	   0.00	   0.00
1      	1024	10000	2475.22	0.00   	   0.00	   0.00	   0.00
1      	2048	10000	5053.05	0.00   	   0.00	   0.00	   0.00
1      	4096	10000	5578.10	100.00 	   0.00	   0.00	   0.00
1      	8192	10000	5990.93	100.00 	   0.00	   0.00	   0.00
1      	16384	10000	6251.05	66.67  	   0.00	   0.00	   0.00
1      	32768	10000	6353.10	100.00 	   0.00	   0.00	   0.00
1      	65536	10000	6423.46	90.91  	   0.00	   0.00	   0.00
1      	131072	10000	6455.67	100.00 	   0.00	   0.00	   0.00
1      	262144	10000	6473.63	100.00 	   0.00	   0.00	   0.00
1      	524288	10000	6480.88	98.77  	   0.00	   0.00	   0.00
1      	1048576	10000	6486.49	99.38  	   0.00	   0.00	   0.00
1      	2097152	10000	6488.62	99.69  	   0.00	   0.00	   0.00
1      	4194304	10000	6489.90	99.85  	   0.00	   0.00	   0.00
1      	8388608	10000	6490.39	99.77  	   0.00	   0.00	   0.00
1      	16777216	10000	6490.65	99.85  	   0.00	   0.00	   0.00



#CHECKED
