# rdma experiment:
# Up to 2^24 bytes, each 3 seconds with up to 1 threads (server addr: 192.168.1.1)
# to reproduce this result, use commit 8021c4ac38fb1a71026e8919a6acff5fcd1df048 *

threads	buffer	iter	bw	lat	ucpu	scpu	ucpu_s	scpu_s
1  1  6282400  4.19  0.48  73.76  25.10  0.00  0.00
1  2  6272300  8.36  0.48  69.38  31.01  0.00  0.00
1  3  6226700  16.60  0.48  75.10  24.52  0.00  0.00
1  4  6268650  33.43  0.48  74.62  25.00  0.00  0.00
1  5  6297750  67.17  0.48  76.38  25.59  0.00  0.00
1  6  6268100  133.72  0.48  75.19  23.66  0.00  0.00
1  7  6264550  267.28  0.48  75.30  27.89  0.00  0.00
1  8  6233550  531.92  0.48  73.66  25.19  0.00  0.00
1  9  6146150  1048.92  0.49  71.05  25.94  0.00  0.00
1  10  6129400  2092.13  0.49  71.54  22.47  0.00  0.00
1  11  4758950  3248.72  0.63  54.28  19.33  0.00  0.00
1  12  3036900  4146.26  0.99  34.16  13.17  0.00  0.00
1  13  1866050  5095.41  1.61  18.79  7.38  0.00  0.00
1  14  1005250  5489.57  2.98  15.17  3.45  0.00  0.00
1  15  375400  4099.46  7.99  15.93  7.41  0.00  0.00
1  16  229050  5002.17  13.10  6.03  7.45  0.00  0.00
1  17  129400  5649.63  23.20  3.08  4.11  0.00  0.00
1  18  69150  6036.79  43.42  2.69  1.01  0.00  0.00
1  19  35850  6252.70  83.85  1.00  1.00  0.00  0.00
1  20  18300  6369.01  164.64  0.33  0.33  0.00  0.00
1  21  9250  6429.25  326.19  0.00  0.66  0.00  0.00
1  22  4700  6459.89  649.28  0.00  0.33  0.00  0.00
1  23  2400  6475.77  1295.38  0.00  0.00  0.00  0.00
1  24  1250  6481.91  2588.32  0.00  0.00  0.00  0.00

#CHECKED
