#rdma experiment: Up to 2^20 bytes, each 10000 iterations (server addr: 192.168.1.1)
#* to reproduce this result, use commit 2b4864c6d513a9b22170ad96efd49dd940308f77 *
#verb: r
#bytes	iter.	Avg. BW	CPU%
2      	10000	13.32  	0.00   
4      	10000	27.38  	0.00   
8      	10000	54.16  	0.00   
16     	10000	108.77 	0.00   
32     	10000	219.48 	0.00   
64     	10000	434.19 	0.00   
128    	10000	869.57 	0.00   
256    	10000	1807.91	0.00   
512    	10000	3076.92	0.00   
1024   	10000	5490.62	0.00   
2048   	10000	6352.36	0.00   
4096   	10000	6477.94	0.00   
8192   	10000	6482.04	0.00   
16384  	10000	6489.23	0.00   
32768  	10000	6487.81	0.00   
65536  	10000	6489.36	0.00   
131072 	10000	82.03  	0.00   
262144 	10000	6491.91	0.00   
524288 	10000	316.13 	0.00   
1048576	10000	602.89 	0.00   
