#bytes	iter.	Avg. BW	UCPU%	SCPU%
2      	10000	7.38   	-nan   	   -nan
4      	10000	14.93  	-nan   	   -nan
8      	10000	29.55  	-nan   	   -nan
16     	10000	57.95  	-nan   	   -nan
32     	10000	117.39 	-nan   	   -nan
64     	10000	233.58 	-nan   	   -nan
128    	10000	466.30 	-nan   	   -nan
256    	10000	912.66 	-nan   	   -nan
512    	10000	1849.04	-nan   	   -nan
1024   	10000	3268.43	-nan   	   -nan
2048   	10000	4921.89	-nan   	   -nan
4096   	10000	5632.56	100.00 	   0.00
8192   	10000	5972.59	100.00 	   0.00
16384  	10000	6242.24	66.67  	   0.00
32768  	10000	6345.84	100.00 	   0.00
65536  	10000	6414.78	100.00 	   0.00
131072 	10000	6453.57	100.00 	   0.00
262144 	10000	6471.46	97.56  	   0.00
524288 	10000	6482.17	100.00 	   0.00
1048576	10000	6485.88	100.00 	   0.00
2097152	10000	6488.78	100.00 	   0.00
4194304	10000	6490.09	99.69  	   0.00
8388608	10000	6490.55	99.92  	   0.00
16777216	10000	6490.78	99.85  	   0.00


# verb ib send , thread 1
