#rdma experiment: Up to 2^20 bytes, each 100000 iterations (server addr: 192.168.1.1)
#* to reproduce this result, use commit 6c61074fd521fb7de998bd3b90929e96685f594a *
#verb: r
#bytes	iter.	Avg. BW	UCPU%	SCPU%
2      	100000	8.25   	2.04   	   0.00
4      	100000	16.44  	2.06   	   0.00
8      	100000	32.56  	2.04   	   0.00
16     	100000	65.17  	2.02   	   0.00
32     	100000	134.54 	2.08   	   0.00
64     	100000	258.58 	2.02   	   0.00
128    	100000	514.68 	2.00   	   0.00
256    	100000	1031.51	2.00   	   0.00
512    	100000	2041.06	1.98   	   0.00
1024   	100000	3519.75	1.72   	   0.00
2048   	100000	5150.52	2.50   	   0.00
4096   	100000	6481.63	2.37   	   0.00
8192   	100000	6487.69	2.37   	   0.00
16384  	100000	6488.10	2.47   	   0.00
32768  	100000	6487.95	2.48   	   0.00
65536  	100000	6490.85	2.48   	   0.00
131072 	100000	6488.82	2.49   	   0.00
262144 	100000	6490.03	2.49   	   0.00
524288 	100000	6489.95	2.49   	   0.00
1048576	100000	6490.35	2.50   	   0.00
