rdma experiment: Up to 2^18 bytes, each 1000 iterations (server addr: 192.168.1.1)
* to recreate this result, use commit 6622b6782c0df9cb451bacee06a9dbc405f4d10c *
verb: r
#bytes      #iterations      Peak BW       Avg. BW
 2          1000           12.23              10.59  
 4          1000           24.47              23.05  
 8          1000           48.94              46.20  
 16         1000           97.87              92.56  
 32         1000           195.75             182.28 
 64         1000           391.49             342.51 
 128        1000           737.81             675.36 
 256        1000           1668.09            1599.22
 512        1000           2887.77            2763.70
 1024       1000           5202.18            5088.29
 2048       1000           6052.12            5856.81
 4096       1000           6090.72            6061.46
 8192       1000           6136.39            6124.70
 16384      1000           6172.75            6168.02
 32768      1000           6170.53            6167.76
 65536      1000           6176.91            6176.82
 131072     1000           6186.77            6186.68
 262144     1000           6187.75            6186.18
