# rdma experiment to measure bw:
# Up to 2^24 bytes, each 10000 iterations on 1 threads (server addr: 192.168.1.1)
# to reproduce this result, use commit 1279a065e87adfa7d6bcd8208a190f0ab9c8866a *

#thread	#bytes	iter.	Avg. BW	UCPU%	SCPU%	UCPU%(s)	SCPU%(s)
1      	2	10000	7.19   	0.00   	   0.00	   0.00	   0.00
1      	4	10000	14.83  	0.00   	   0.00	   0.00	   0.00
1      	8	10000	29.95  	0.00   	   0.00	   0.00	   0.00
1      	16	10000	57.41  	0.00   	   0.00	   0.00	   0.00
1      	32	10000	118.21 	0.00   	   0.00	   0.00	   0.00
1      	64	10000	237.65 	0.00   	   0.00	   0.00	   0.00
1      	128	10000	472.67 	0.00   	   0.00	   0.00	   0.00
1      	256	10000	941.87 	0.00   	   0.00	   0.00	   0.00
1      	512	10000	1859.11	0.00   	   0.00	   0.00	   0.00
1      	1024	10000	3290.49	0.00   	   0.00	   0.00	   0.00
1      	2048	10000	4992.69	0.00   	   0.00	   0.00	   0.00
1      	4096	10000	5578.86	100.00 	   0.00	   0.00	   0.00
1      	8192	10000	5995.75	100.00 	   0.00	   0.00	   0.00
1      	16384	10000	6257.26	50.00  	   0.00	   0.00	   0.00
1      	32768	10000	6355.93	100.00 	   0.00	   0.00	   0.00
1      	65536	10000	6420.25	90.91  	   0.00	   0.00	   0.00
1      	131072	10000	6455.41	100.00 	   0.00	   0.00	   0.00
1      	262144	10000	6471.72	100.00 	   0.00	   0.00	   0.00
1      	524288	10000	6482.58	98.77  	   0.00	   0.00	   0.00
1      	1048576	10000	6486.84	99.38  	   0.00	   0.00	   0.00
1      	2097152	10000	6488.59	99.69  	   0.00	   0.00	   0.00
1      	4194304	10000	6489.63	99.85  	   0.00	   0.00	   0.00
1      	8388608	10000	6490.19	99.85  	   0.00	   0.00	   0.00
1      	16777216	10000	6490.11	99.88  	   0.00	   0.00	   0.00

#CHECKED
