# rdma experiment to measure lat:
# Up to 2^24 bytes, each 10000 iterations on 1 threads (server addr: 192.168.1.1)
# to reproduce this result, use commit 1279a065e87adfa7d6bcd8208a190f0ab9c8866a *

#thread	#bytes	iter.	latency
1      	2	10000	2.09   	
1      	4	10000	2.08   	
1      	8	10000	2.10   	
1      	16	10000	2.09   	
1      	32	10000	2.10   	
1      	64	10000	2.12   	
1      	128	10000	2.15   	
1      	256	10000	2.19   	
1      	512	10000	2.30   	
1      	1024	10000	2.55   	
1      	2048	10000	2.83   	
1      	4096	10000	3.41   	
1      	8192	10000	4.30   	
1      	16384	10000	6.16   	
1      	32768	10000	9.34   	
1      	65536	10000	14.43  	
1      	131072	10000	24.82  	
1      	262144	10000	45.02  	
1      	524288	10000	85.40  	
1      	1048576	10000	166.21 	
1      	2097152	10000	327.84 	
1      	4194304	10000	650.95 	
1      	8388608	10000	1298.47	
1      	16777216	10000	2592.71	

#CHECKED
