#rdma experiment: Up to 2^22 bytes, each 10000 iterations (server addr: 192.168.1.1)
#* to reproduce this result, use commit 02f280175591275a1f16015a36da9385d7c4838c *
#verb: w
#bytes	iter.	Avg. BW	CPU%
2      	10000	13.60  	0.00   
4      	10000	27.21  	0.00   
8      	10000	54.38  	0.00   
16     	10000	118.08 	0.00   
32     	10000	217.54 	0.00   
64     	10000	435.37 	0.00   
128    	10000	874.91 	0.00   
256    	10000	1736.77	0.00   
512    	10000	3450.13	0.00   
1024   	10000	6157.55	0.00   
2048   	10000	6354.33	0.00   
4096   	10000	6455.48	0.00   
8192   	10000	6467.71	0.00   
16384  	10000	6483.58	0.00   
32768  	10000	6487.30	0.00   
65536  	10000	6489.48	0.00   
131072 	10000	6491.06	0.00   
262144 	10000	6491.48	0.00   
524288 	10000	6491.95	0.00   
1048576	10000	6491.96	0.00   
2097152	10000	6492.29	0.00   
4194304	10000	6492.11	0.00   
