#bytes	iter.	Avg. BW	UCPU%	SCPU%
2      	100000	inf    	0.00   	   0.00
4      	100000	inf    	0.00   	   0.00
8      	100000	inf    	0.00   	   0.00
16     	100000	inf    	0.00   	   0.00
32     	100000	inf    	0.00   	   0.00
64     	100000	inf    	0.00   	   0.00
128    	100000	inf    	0.00   	   0.00
256    	100000	inf    	0.00   	   0.00
512    	100000	inf    	0.00   	   0.00
1024   	100000	inf    	0.00   	   0.00
2048   	100000	inf    	0.00   	   0.00
4096   	100000	inf    	0.00   	   0.00
8192   	100000	inf    	0.00   	   0.00
16384  	100000	inf    	0.00   	   0.00
32768  	100000	inf    	0.00   	   0.00
65536  	100000	inf    	0.00   	   0.00
