#bytes	iter.	Avg. BW	UCPU%	SCPU%
2      	1000000	inf    	0.00   	   0.00
4      	1000000	inf    	0.00   	   0.00
8      	1000000	inf    	0.00   	   0.00
16     	1000000	inf    	0.00   	   0.00
32     	1000000	inf    	0.00   	   0.00
64     	1000000	inf    	0.00   	   0.00
128    	1000000	inf    	0.00   	   0.00
256    	1000000	inf    	0.00   	   0.00
512    	1000000	inf    	0.00   	   0.00
1024   	1000000	inf    	0.00   	   0.00
2048   	1000000	inf    	0.00   	   0.00
4096   	1000000	inf    	0.00   	   0.00
8192   	1000000	inf    	0.00   	   0.00
16384  	1000000	inf    	0.00   	   0.00
32768  	1000000	inf    	0.00   	   0.00
65536  	1000000	inf    	0.00   	   0.00
