# rdma experiment:
# Up to 2^26 bytes, each 5 seconds with up to 1 threads (server addr: 192.168.1.1)
# to reproduce this result, use commit d38ec331f2a68d318b5f2c8eff2aadbf3f83c0ad *

threads	buffer	iter	bw	lat	ucpu	scpu	ucpu_s	scpu_s
1	1	19361500	   7.74	   0.26	  99.80	   0.00	   0.00	   0.00
1	2	19323750	  15.46	   0.26	  99.80	   0.00	   0.00	   0.00
1	3	19113300	  30.58	   0.26	  99.80	   0.00	   0.00	   0.00
1	4	17988650	  57.56	   0.28	  99.80	   0.00	   0.00	   0.00
1	5	19292750	 123.47	   0.26	  99.80	   0.00	   0.00	   0.00
1	6	19282450	 246.81	   0.26	  99.80	   0.00	   0.00	   0.00
1	7	19430700	 497.42	   0.26	  99.80	   0.00	   0.00	   0.00
1	8	19235100	 984.83	   0.26	  99.80	   0.00	   0.00	   0.00
1	9	17303250	1771.84	   0.29	  99.60	   0.00	   0.00	   0.00
1	10	15332750	3140.13	   0.33	  99.80	   0.00	   0.00	   0.00
1	11	11974650	4904.80	   0.42	  99.80	   0.00	   0.00	   0.00
1	12	7014350	5746.12	   0.71	  99.80	   0.00	   0.00	   0.00
1	13	3694650	6053.28	   1.35	  99.80	   0.00	   0.00	   0.00
1	14	1920550	6293.18	   2.60	  99.80	   0.00	   0.00	   0.00
1	15	972500	6373.26	   5.14	  99.80	   0.00	   0.00	   0.00
1	16	490750	6431.87	  10.19	  99.80	   0.00	   0.00	   0.00
1	17	246500	6460.82	  20.29	  99.80	   0.00	   0.00	   0.00
1	18	123550	6476.16	  40.48	  99.80	   0.00	   0.00	   0.00
1	19	61900	6488.43	  80.80	  99.80	   0.00	   0.00	   0.00
1	20	31000	6497.68	 161.38	  99.60	   0.00	   0.00	   0.00
1	21	15550	6510.19	 322.13	  99.80	   0.00	   0.00	   0.00
1	22	7800	6532.07	 642.11	  99.80	   0.00	   0.00	   0.00
1	23	3950	6573.93	1276.04	  99.80	   0.00	   0.00	   0.00
1	24	2000	6656.65	2520.37	  99.80	   0.20	   0.00	   0.00
1	25	1050	6815.09	4923.55	  99.81	   0.00	   0.00	   0.00
1	26	550	7139.31	9399.91	  99.81	   0.00	   0.00	   0.00

#CHECKED
