# rdma experiment to measure bw:
# Up to 2^24 bytes, each 10000 iterations on 1 threads (server addr: 192.168.1.1)
# to reproduce this result, use commit fc3a7d9317fd53b576fdb7676e9c5bfd6dd8e8ae *

#thread	#bytes	iter.	Avg. BW	UCPU%	SCPU%	UCPU%(s)	SCPU%(s)
1      	2	10000	7.17   	0.00   	   0.00	   0.00	   0.00
1      	4	10000	14.63  	0.00   	   0.00	   0.00	   0.00
1      	8	10000	29.54  	0.00   	   0.00	   0.00	   0.00
1      	16	10000	57.70  	0.00   	   0.00	   0.00	   0.00
1      	32	10000	115.73 	0.00   	   0.00	   0.00	   0.00
1      	64	10000	231.30 	0.00   	   0.00	   0.00	   0.00
1      	128	10000	464.44 	0.00   	   0.00	   0.00	   0.00
1      	256	10000	912.33 	0.00   	   0.00	   0.00	   0.00
1      	512	10000	1798.38	0.00   	   0.00	   0.00	   0.00
1      	1024	10000	3245.64	0.00   	   0.00	   0.00	   0.00
1      	2048	10000	4905.39	0.00   	   0.00	   0.00	   0.00
1      	4096	10000	5582.66	100.00 	   0.00	   0.00	   0.00
1      	8192	10000	5959.12	50.00  	   0.00	  50.00	   0.00
1      	16384	10000	6236.53	66.67  	   0.00	  66.67	   0.00
1      	32768	10000	6342.15	100.00 	   0.00	 100.00	   0.00
1      	65536	10000	6408.76	100.00 	   0.00	 100.00	   0.00
1      	131072	10000	6451.47	95.24  	   0.00	  95.24	   0.00
1      	262144	10000	6470.57	100.00 	   0.00	 100.00	   0.00
1      	524288	10000	6481.69	97.53  	   1.23	  98.77	   0.00
1      	1048576	10000	6486.05	100.00 	   0.00	  99.38	   0.00
1      	2097152	10000	6488.50	99.69  	   0.00	  99.69	   0.00
1      	4194304	10000	6489.51	100.00 	   0.00	 100.00	   0.00
1      	8388608	10000	6490.31	99.85  	   0.08	  99.85	   0.00
1      	16777216	10000	6490.91	99.85  	   0.00	  99.85	   0.04

#CHECKED
