# rdma experiment:
# Up to 2^26 bytes, each 5 seconds with up to 1 threads (server addr: 192.168.1.1)
# to reproduce this result, use commit 2b568254599948ad0b7b4634308dbe57334e96b6 *

threads	buffer	iter	bw	lat	ucpu	scpu	ucpu_s	scpu_s
1	1	25915300	  10.37	   0.19	  99.80	   0.00	   0.00	   0.00
1	2	25848050	  20.68	   0.19	  99.80	   0.00	   0.00	   0.00
1	3	25884050	  41.41	   0.19	  99.80	   0.00	   0.00	   0.00
1	4	25882400	  82.82	   0.19	  99.80	   0.00	   0.00	   0.00
1	5	25887000	 165.68	   0.19	  99.80	   0.00	   0.00	   0.00
1	6	25828500	 330.60	   0.19	  99.80	   0.00	   0.00	   0.00
1	7	25656650	 656.81	   0.19	  99.80	   0.00	   0.00	   0.00
1	8	25386650	1299.79	   0.20	  99.80	   0.00	   0.00	   0.00
1	9	24946950	2554.56	   0.20	  99.80	   0.00	   0.00	   0.00
1	10	21931550	4491.57	   0.23	  99.80	   0.00	   0.00	   0.00
1	11	13143350	5383.50	   0.38	  99.80	   0.00	   0.00	   0.00
1	12	7060900	5784.25	   0.71	  99.80	   0.00	   0.00	   0.00
1	13	3731650	6113.92	   1.34	  99.80	   0.00	   0.00	   0.00
1	14	1926750	6313.56	   2.60	  99.80	   0.00	   0.00	   0.00
1	15	974600	6386.87	   5.13	  99.80	   0.00	   0.00	   0.00
1	16	491250	6438.80	  10.18	  99.80	   0.00	   0.00	   0.00
1	17	246700	6465.89	  20.27	  99.80	   0.00	   0.00	   0.00
1	18	123650	6480.69	  40.45	  99.80	   0.00	   0.00	   0.00
1	19	61900	6490.27	  80.78	  99.80	   0.00	   0.00	   0.00
1	20	31000	6498.87	 161.35	  99.80	   0.00	   0.00	   0.00
1	21	15550	6510.84	 322.10	  99.80	   0.00	   0.00	   0.00
1	22	7800	6532.71	 642.05	  99.80	   0.00	   0.00	   0.00
1	23	3950	6574.22	1275.98	  99.80	   0.00	   0.00	   0.00
1	24	2000	6657.53	2520.04	  99.80	   0.20	   0.00	   0.00
1	25	1050	6815.10	4923.54	 100.00	   0.00	   0.00	   0.00
1	26	550	7139.95	9399.06	  99.81	   0.00	   0.00	   0.00

#CHECKED
