#rdma experiment: Up to 2^20 bytes, each 10000 iterations (server addr: 192.168.1.1)
#* to reproduce this result, use commit 12a6fd923e5581699926910b8544884ea365191c *
verb: w
#bytes	#iterations	Avg. BW	CPU%
2      	10000	12.13  	11.57  
4      	10000	24.26  	23.54  
8      	10000	48.51  	46.91  
16     	10000	103.61 	101.98 
32     	10000	194.61 	188.50 
64     	10000	388.10 	382.18 
128    	10000	778.44 	756.39 
256    	10000	1547.91	1528.22
512    	10000	3315.59	3276.54
1024   	10000	5918.74	5861.59
2048   	10000	6069.21	6054.00
4096   	10000	6160.58	6156.90
8192   	10000	6176.07	6173.66
16384  	10000	6183.85	6182.78
32768  	10000	6187.19	6186.66
65536  	10000	6189.42	6189.11
131072 	10000	6190.25	6190.19
262144 	10000	6191.23	6191.17
524288 	10000	6191.06	6190.93
1048576	10000	6191.70	6191.45
