#rdma experiment to measure bw: 
#Up to 2^24 bytes, each 100000 iterations on 1 threads (server addr: 192.168.1.1)
#* to reproduce this result, use commit cd819bb973edac8a52ef8fea110e7392687f25bc *
#verb: r
#bytes	iter.	Avg. BW	UCPU%	SCPU%
2      	100000	7.72   	66.67  	   0.00
4      	100000	15.42  	66.67  	   0.00
8      	100000	30.82  	66.67  	   0.00
16     	100000	61.70  	66.67  	   0.00
32     	100000	123.18 	100.00 	   0.00
64     	100000	246.38 	66.67  	   0.00
128    	100000	491.83 	66.67  	   0.00
256    	100000	971.98 	66.67  	   0.00
512    	100000	1930.62	66.67  	   0.00
1024   	100000	2599.71	100.00 	   0.00
2048   	100000	5240.67	100.00 	   0.00
4096   	100000	5766.01	100.00 	   0.00
8192   	100000	6060.83	100.00 	   0.00
16384  	100000	6290.60	96.15  	   0.00
32768  	100000	6373.41	98.08  	   0.00
65536  	100000	6431.39	100.00 	   0.00
131072 	100000	6460.77	99.51  	   0.00
262144 	100000	6475.60	99.75  	   0.00
524288 	100000	6483.54	99.88  	   0.00
1048576	100000	6487.65	99.81  	   0.00
2097152	100000	6489.63	99.91  	   0.00
4194304	100000	6490.51	99.88  	   0.00
8388608	100000	6490.93	99.90  	   0.00
16777216	100000	6491.16	99.90  	   0.00




# good number of iterations... BW measurement seems sane, CPU usage good
