#rdma experiment: Up to 2^20 bytes, each 10000 iterations (server addr: 192.168.1.1)
#* to reproduce this result, use commit 2b4864c6d513a9b22170ad96efd49dd940308f77 *
#verb: r
#bytes	iter.	Avg. BW	CPU%
2      	10000	13.50  	0.00   
4      	10000	27.16  	0.00   
8      	10000	54.68  	0.00   
16     	10000	109.29 	0.00   
32     	10000	216.66 	0.00   
64     	10000	433.60 	0.00   
128    	10000	873.72 	0.00   
256    	10000	1732.07	0.00   
512    	10000	3051.25	0.00   
1024   	10000	5286.53	0.00   
2048   	10000	6326.85	0.00   
4096   	10000	6460.57	0.00   
8192   	10000	6471.80	0.00   
16384  	10000	6484.35	0.00   
32768  	10000	6485.89	0.00   
65536  	10000	6490.45	0.00   
131072 	10000	6490.58	0.00   
262144 	10000	162.01 	0.00   
524288 	10000	316.12 	0.00   
1048576	10000	602.90 	0.00   
