# rdma experiment:
# Up to 2^26 bytes, each 5 seconds with up to 1 threads (server addr: 192.168.1.1)
# to reproduce this result, use commit 7cdba79c8c1ba7a34b50004bfc45ba4007c50ffd *

threads	buffer	iter	bw	lat	ucpu	scpu	ucpu_s	scpu_s
1	1	13368550	   5.35	   0.37	  70.79	  25.37	   0.00	   0.00
1	2	13481150	  10.78	   0.37	  72.49	  23.03	   0.00	   0.00
1	3	13503950	  21.61	   0.37	  70.91	  25.86	   0.00	   0.00
1	4	13492750	  43.18	   0.37	  70.32	  26.02	   0.00	   0.00
1	5	13449750	  86.08	   0.37	  68.86	  26.06	   0.00	   0.00
1	6	13336200	 170.70	   0.37	  70.45	  25.70	   0.00	   0.00
1	7	13460350	 344.58	   0.37	  70.88	  24.63	   0.00	   0.00
1	8	13297600	 680.84	   0.38	  69.56	  24.74	   0.00	   0.00
1	9	13243800	1356.16	   0.38	  68.67	  22.61	   0.00	   0.00
1	10	12287750	2516.53	   0.41	  65.37	  22.94	   0.00	   0.00
1	11	8932000	3658.54	   0.56	  46.09	  18.91	   0.00	   0.00
1	12	5499450	4505.11	   0.91	  26.09	  11.80	   0.00	   0.00
1	13	3222650	5279.92	   1.55	  15.59	   6.28	   0.00	   0.00
1	14	1778500	5827.76	   2.81	   8.54	   3.46	   0.00	   0.00
1	15	691900	4534.15	   7.23	   9.51	  11.94	   0.00	   0.00
1	16	407550	5341.50	  12.27	   5.50	   7.13	   0.00	   0.00
1	17	223500	5858.67	  22.37	   2.63	   4.24	   0.00	   0.00
1	18	117550	6160.53	  42.55	   1.41	   2.01	   0.00	   0.00
1	19	60350	6324.52	  82.90	   0.20	   1.41	   0.00	   0.00
1	20	30600	6414.10	 163.48	   0.60	   0.20	   0.00	   0.00
1	21	15450	6467.72	 324.25	   0.00	   0.40	   0.00	   0.00
1	22	7800	6510.70	 644.22	   0.20	   0.00	   0.00	   0.00
1	23	3950	6562.81	1278.20	   0.00	   0.00	   0.00	   0.00
1	24	2000	6651.31	2522.39	   0.00	   0.00	   0.00	   0.00
1	25	1050	6811.88	4925.87	   0.00	   0.00	   0.00	   0.00
1	26	550	7137.57	9402.20	   0.00	   0.00	   0.00	   0.00
#CHECKED
