# rdma experiment:
# Up to 2^18 bytes, each 3 seconds with up to 40 threads (server addr: 192.168.1.1)
# to reproduce this result, use commit 845069ef3073c61f9eb99d72d7a5e995c543fb70 *

threads	buffer	iter	bw	lat	ucpu	scpu	ucpu_s	scpu_s
1  18  69050  6029.23  43.48  1.69  2.03  0.00  0.00
2  18  71800  3128.78  83.78  2.33  1.00  0.00  0.00
3  18  73700  2141.55  122.41  2.01  1.00  0.00  0.00
4  18  74300  1617.53  162.07  2.66  0.67  0.00  0.00
5  18  74550  1295.94  202.28  2.66  0.67  0.00  0.00
6  18  74600  1080.26  242.67  1.94  1.66  0.00  0.00
7  18  74700  925.23  283.33  2.65  0.99  0.00  0.00
8  18  74600  809.96  323.65  1.99  1.49  0.00  0.00
9  18  74700  720.02  364.08  2.32  1.54  0.00  0.00
10  18  74850  647.76  404.69  2.61  1.32  0.00  0.00
11  18  74850  589.06  445.02  1.32  1.56  0.00  0.00
12  18  75100  541.69  483.94  2.64  0.66  0.00  0.00
13  18  75000  499.01  525.33  1.65  2.31  0.00  0.00
14  18  75000  463.19  565.96  1.37  1.77  0.00  0.00
15  18  75050  432.45  606.18  0.66  2.18  0.00  0.00
16  18  75200  405.01  647.26  2.30  1.64  0.00  0.00
17  18  75650  381.23  687.63  1.31  1.62  0.00  0.00
18  18  75600  360.16  727.85  1.64  1.56  0.00  0.00
19  18  75550  341.89  766.77  0.66  2.52  0.00  0.00
20  18  76000  323.90  809.34  1.30  2.29  0.00  0.00
21  18  75600  308.54  849.63  2.29  1.40  0.00  0.00
22  18  75900  294.57  889.94  1.63  2.16  0.00  0.00
23  18  75900  281.74  930.44  3.19  0.65  0.00  0.00
24  18  75600  269.91  971.25  1.96  1.96  0.00  0.00
25  18  76250  259.19  1011.41  1.30  2.49  0.00  0.00
26  18  75800  249.83  1049.31  2.43  1.45  0.00  0.00
27  18  75700  240.10  1091.83  2.61  1.26  0.00  0.00
28  18  75750  231.64  1131.73  1.31  2.39  0.00  0.00
29  18  76850  223.44  1173.23  2.25  1.89  0.00  0.00
30  18  76500  215.98  1213.73  2.91  1.23  0.00  0.00
31  18  76000  209.05  1254.00  1.95  2.14  0.00  0.00
32  18  76800  202.34  1295.55  1.61  2.28  0.00  0.00
33  18  76050  196.48  1334.23  2.18  1.85  0.00  0.00
34  18  76500  190.60  1375.34  1.62  2.05  0.00  0.00
35  18  77000  185.17  1415.72  1.29  2.33  0.00  0.00
36  18  77400  179.79  1458.05  1.92  1.99  0.00  0.00
37  18  76750  175.79  1491.31  2.26  1.75  0.00  0.00
38  18  76400  170.91  1533.90  2.27  1.48  0.00  0.00
39  18  76700  166.84  1571.36  1.94  1.84  0.00  0.00
40  18  76700  162.51  1613.24  1.62  2.46  0.00  0.00

#CHECKED
