# rdma experiment to measure bw:
# Up to 2^24 bytes, each 1000 iterations on 1 threads (server addr: 192.168.1.1)
# to reproduce this result, use commit b9913d720a10c785eeabe139caf46f632eb63869 *

#thread	#bytes	iter.	Avg. BW	UCPU%	SCPU%	UCPU%(s)	SCPU%(s)
1      	2	1000	5.33   	0.00   	   0.00	   0.00	   0.00
1      	4	1000	8.95   	0.00   	   0.00	   0.00	   0.00
1      	8	1000	21.56  	0.00   	   0.00	   0.00	   0.00
1      	16	1000	43.96  	0.00   	   0.00	   0.00	   0.00
1      	32	1000	70.64  	0.00   	   0.00	   0.00	   0.00
1      	64	1000	174.86 	0.00   	   0.00	   0.00	   0.00
1      	128	1000	347.83 	0.00   	   0.00	   0.00	   0.00
1      	256	1000	705.23 	0.00   	   0.00	   0.00	   0.00
1      	512	1000	1368.98	0.00   	   0.00	   0.00	   0.00
1      	1024	1000	2547.26	0.00   	   0.00	   0.00	   0.00
1      	2048	1000	4104.21	0.00   	   0.00	   0.00	   0.00
1      	4096	1000	4989.04	0.00   	   0.00	   0.00	   0.00
1      	8192	1000	5641.87	0.00   	   0.00	   0.00	   0.00
1      	16384	1000	6032.40	0.00   	   0.00	   0.00	   0.00
1      	32768	1000	6223.74	0.00   	   0.00	   0.00	   0.00
1      	65536	1000	6317.94	50.00  	   0.00	   0.00	   0.00
1      	131072	1000	6380.06	50.00  	   0.00	   0.00	   0.00
1      	262144	1000	6436.61	75.00  	   0.00	   0.00	   0.00
1      	524288	1000	6472.29	100.00 	   0.00	   0.00	   0.00
1      	1048576	1000	6480.53	93.75  	   0.00	   0.00	   0.00
1      	2097152	1000	6486.00	100.00 	   0.00	   0.00	   0.00
1      	4194304	1000	6488.82	98.46  	   0.00	   0.00	   0.00
1      	8388608	1000	6489.66	99.22  	   0.00	   0.00	   0.00
1      	16777216	1000	6490.19	99.61  	   0.00	   0.00	   0.00

#CHECKED
