# rdma experiment:
# Up to 2^18 bytes, each 3 seconds with up to 40 threads (server addr: 192.168.1.1)
# to reproduce this result, use commit 845069ef3073c61f9eb99d72d7a5e995c543fb70 *

threads	buffer	iter	bw	lat	ucpu	scpu	ucpu_s	scpu_s
1  18  67200  5866.16  44.69  2.36  1.35  17.95  28.21
2  18  70000  3053.22  85.86  1.35  1.69  17.55  36.88
3  18  73350  2130.14  123.06  1.34  1.67  11.63  19.85
4  18  73450  1599.66  163.88  2.00  1.33  9.88  25.88
5  18  74500  1293.95  202.59  2.33  1.33  8.14  22.72
6  18  74700  1079.56  242.82  2.32  0.99  9.41  26.20
7  18  74650  924.95  283.42  1.99  1.66  10.75  23.85
8  18  74550  808.91  324.07  0.66  2.32  13.14  29.20
9  18  74700  719.27  364.46  1.99  1.29  13.05  31.80
10  18  75000  648.40  404.29  1.32  1.06  13.05  32.80
11  18  74800  589.02  445.05  2.32  1.41  12.09  30.32
12  18  75000  540.58  484.93  2.31  0.91  13.06  30.00
13  18  75300  498.73  525.62  0.99  2.07  12.84  33.41
14  18  75400  464.11  564.83  1.32  1.88  11.78  32.10
15  18  75250  433.41  604.84  0.99  1.89  13.50  31.51
16  18  75200  404.77  647.64  2.30  0.88  11.11  32.98
17  18  75650  381.00  688.04  2.29  1.06  11.72  32.25
18  18  75600  359.85  728.49  2.29  1.31  10.40  32.24
19  18  75250  341.34  767.99  2.30  1.44  10.78  32.29
20  18  76000  323.97  809.16  1.30  2.26  12.34  30.01
21  18  75600  307.71  851.91  1.96  2.04  14.07  33.58
22  18  75900  293.69  892.59  2.60  1.30  14.68  33.58
23  18  75900  281.25  932.06  1.30  2.66  15.00  29.80
24  18  75600  269.53  972.61  2.22  1.63  11.06  31.59
25  18  76250  259.20  1011.34  1.30  2.43  11.45  31.20
26  18  75550  249.12  1052.31  1.31  2.49  13.41  30.19
27  18  75700  240.11  1091.77  2.94  1.25  13.39  29.12
28  18  75600  230.57  1136.93  2.25  1.92  14.39  32.86
29  18  76850  223.41  1173.36  1.95  2.02  12.11  30.50
30  18  76500  216.01  1213.58  2.91  1.19  11.85  29.80
31  18  76000  208.76  1255.76  2.60  1.56  10.02  31.71
32  18  75400  201.09  1303.68  2.61  1.40  13.08  35.36
33  18  76000  196.27  1335.63  1.95  2.18  12.88  30.59
34  18  76500  190.60  1375.37  1.29  2.50  13.51  29.29
35  18  76450  184.56  1420.41  1.94  1.86  12.48  33.66
36  18  77400  179.83  1457.71  2.23  1.93  10.26  32.27
37  18  75950  174.28  1504.16  1.62  2.09  15.71  29.27
38  18  76450  170.96  1533.48  2.27  1.51  10.69  31.72
39  18  76150  165.55  1583.53  2.27  1.79  12.72  31.65
40  18  76250  161.68  1621.44  1.94  2.17  13.05  31.25

#CHECKED
