# rdma experiment:
# Up to 2^24 bytes, each 5 seconds with up to 1 threads (server addr: 192.168.1.1)
# to reproduce this result, use commit dffd9b85a14fa174eaa0afeb9d55cc3321232ad7 *

threads buffer  iter    bw      lat     ucpu    scpu    ucpu_s  scpu_s
1       1       13309450           5.32    0.38   71.19   23.94    0.00    0.00
1       2       13372450          10.70    0.37   71.13   24.20    0.00    0.00
1       3       13245150          21.19    0.38   71.40   26.86    0.00    0.00
1       4       13288700          42.52    0.38   74.20   21.75    0.00    0.00
1       5       13312350          85.20    0.38   71.91   23.40    0.00    0.00
1       6       13249750         169.60    0.38   71.95   24.20    0.00    0.00
1       7       13167900         337.10    0.38   73.84   25.94    0.00    0.00
1       8       13220550         676.89    0.38   70.68   23.21    0.00    0.00
1       9       13084400        1339.84    0.38   70.26   24.57    0.00    0.00
1       10      12108850        2479.88    0.41   64.19   25.55    0.00    0.00
1       11      8877150 3636.05    0.56   47.30   17.71    0.00    0.00
1       12      5464000 4476.06    0.92   28.04   10.10    0.00    0.00
1       13      3216500 5269.80    1.55   15.50    7.02    0.00    0.00
1       14      1763350 5777.85    2.84    9.96    2.64    0.00    0.00
1       15      691300  4529.94    7.23   10.20   11.00    0.00    0.00
1       16      407450  5339.83   12.27    5.47    7.09    0.00    0.00
1       17      223550  5858.19   22.37    2.63    4.25    0.00    0.00
1       18      117500  6157.73   42.57    1.60    1.80    0.00    0.00
1       19      60350   6319.00   82.97    0.40    1.40    0.00    0.00
1       20      30600   6403.44  163.75    0.40    0.60    0.00    0.00
1       21      15450   6446.94  325.29    0.00    0.40    0.00    0.00
1       22      7800    6468.39  648.43    0.00    0.20    0.00    0.00
1       23      3950    6479.65 1294.61    0.00    0.20    0.00    0.00
1       24      2000    6484.85 2587.14    0.00    0.00    0.00    0.00
#CHECKED
