#rdma experiment: Up to 2^22 bytes, each 10000 iterations (server addr: 192.168.1.1)
#* to reproduce this result, use commit 02f280175591275a1f16015a36da9385d7c4838c *
#verb: r
#bytes	iter.	Avg. BW	CPU%
2      	10000	14.41  	0.00   
4      	10000	27.16  	0.00   
8      	10000	54.76  	0.00   
16     	10000	108.77 	0.00   
32     	10000	216.66 	0.00   
64     	10000	434.49 	0.00   
128    	10000	873.12 	0.00   
256    	10000	1747.44	0.00   
512    	10000	3047.62	0.00   
1024   	10000	5505.38	0.00   
2048   	10000	6344.49	0.00   
4096   	10000	6461.59	0.00   
8192   	10000	6477.94	0.00   
16384  	10000	6484.86	0.00   
32768  	10000	6489.10	0.00   
65536  	10000	6489.29	0.00   
131072 	10000	6490.64	0.00   
262144 	10000	6491.61	0.00   
524288 	10000	6491.26	0.00   
1048576	10000	6491.90	0.00   
2097152	10000	6491.80	0.00   
4194304	10000	6491.86	0.00   
