FILEHEADER
#thread	#bytes	iter.	Avg. BW	UCPU%	SCPU%	UCPU%(s)	SCPU%(s)
1      	2	1000	4.38   	0.00   	   0.00	   0.00	   0.00
1      	4	1000	8.83   	0.00   	   0.00	   0.00	   0.00
1      	8	1000	21.56  	0.00   	   0.00	   0.00	   0.00
1      	16	1000	44.08  	0.00   	   0.00	   0.00	   0.00
1      	32	1000	86.72  	0.00   	   0.00	   0.00	   0.00
1      	64	1000	166.67 	0.00   	   0.00	   0.00	   0.00
1      	128	1000	335.08 	0.00   	   0.00	   0.00	   0.00
1      	256	1000	571.43 	0.00   	   0.00	   0.00	   0.00
1      	512	1000	1368.98	0.00   	   0.00	   0.00	   0.00
1      	1024	1000	2048.00	0.00   	   0.00	   0.00	   0.00
1      	2048	1000	3512.86	0.00   	   0.00	   0.00	   0.00
1      	4096	1000	5165.20	0.00   	   0.00	   0.00	   0.00
1      	8192	1000	5712.69	0.00   	   0.00	   0.00	   0.00
1      	16384	1000	5845.17	0.00   	   0.00	   0.00	   0.00
1      	32768	1000	6107.74	0.00   	   0.00	   0.00	   0.00
1      	65536	1000	6348.54	0.00   	   0.00	   0.00	   0.00
1      	131072	1000	6411.90	100.00 	   0.00	   0.00	   0.00
1      	262144	1000	6440.88	100.00 	   0.00	   0.00	   0.00
1      	524288	1000	6467.02	87.50  	   0.00	   0.00	   0.00
1      	1048576	1000	6480.53	93.75  	   0.00	   0.00	   0.00
1      	2097152	1000	6485.76	96.97  	   0.00	   0.00	   0.00
1      	4194304	1000	6488.95	98.46  	   0.00	   0.00	   0.00
1      	8388608	1000	6489.77	100.00 	   0.00	   0.00	   0.00
1      	16777216	1000	6490.09	100.00 	   0.00	   0.00	   0.00

#CHECKED
