# rdma experiment to measure bw:
# Up to 2^24 bytes, each 10000 iterations on 1 threads (server addr: 192.168.1.1)
# to reproduce this result, use commit 1279a065e87adfa7d6bcd8208a190f0ab9c8866a *

#thread	#bytes	iter.	Avg. BW	UCPU%	SCPU%	UCPU%(s)	SCPU%(s)
1      	2	10000	7.17   	0.00   	   0.00	   0.00	   0.00
1      	4	10000	14.46  	0.00   	   0.00	   0.00	   0.00
1      	8	10000	29.33  	0.00   	   0.00	   0.00	   0.00
1      	16	10000	57.66  	0.00   	   0.00	   0.00	   0.00
1      	32	10000	119.23 	0.00   	   0.00	   0.00	   0.00
1      	64	10000	228.08 	0.00   	   0.00	   0.00	   0.00
1      	128	10000	459.11 	0.00   	   0.00	   0.00	   0.00
1      	256	10000	914.94 	0.00   	   0.00	   0.00	   0.00
1      	512	10000	1805.36	0.00   	   0.00	   0.00	   0.00
1      	1024	10000	3220.13	0.00   	   0.00	   0.00	   0.00
1      	2048	10000	4722.16	0.00   	   0.00	   0.00	   0.00
1      	4096	10000	5592.57	0.00   	   0.00	 100.00	   0.00
1      	8192	10000	5979.13	100.00 	   0.00	 100.00	   0.00
1      	16384	10000	6235.35	66.67  	   0.00	  66.67	   0.00
1      	32768	10000	6341.78	100.00 	   0.00	 100.00	   0.00
1      	65536	10000	6413.84	90.91  	   0.00	 100.00	   0.00
1      	131072	10000	6449.66	100.00 	   0.00	  95.24	   0.00
1      	262144	10000	6472.13	97.56  	   0.00	 100.00	   0.00
1      	524288	10000	6481.61	98.77  	   0.00	 100.00	   0.00
1      	1048576	10000	6486.65	100.00 	   0.00	 100.00	   0.00
1      	2097152	10000	6488.37	99.69  	   0.00	  99.69	   0.00
1      	4194304	10000	6489.81	99.69  	   0.00	  99.69	   0.00
1      	8388608	10000	6490.33	99.85  	   0.00	  99.92	   0.00
1      	16777216	10000	6490.55	99.85  	   0.00	  99.88	   0.00

#CHECKED
