#rdma experiment: Up to 2^20 bytes, each 10000 iterations (server addr: 192.168.1.1)
#* to reproduce this result, use commit 2b4864c6d513a9b22170ad96efd49dd940308f77 *
#verb: r
#bytes	iter.	Avg. BW	CPU%
2      	10000	13.55  	0.00   
4      	10000	27.34  	0.00   
8      	10000	58.78  	0.00   
16     	10000	106.95 	0.00   
32     	10000	216.66 	0.00   
64     	10000	432.72 	0.00   
128    	10000	867.21 	0.00   
256    	10000	1706.67	0.00   
512    	10000	3034.97	0.00   
1024   	10000	5511.30	0.00   
2048   	10000	6372.12	0.00   
4096   	10000	6466.69	0.00   
8192   	10000	6487.17	0.00   
16384  	10000	6490.26	0.00   
32768  	10000	6491.41	0.00   
65536  	10000	6492.12	0.00   
131072 	10000	6492.41	0.00   
262144 	10000	6491.20	0.00   
524288 	10000	316.13 	0.00   
1048576	10000	316.12 	0.00   
