#bytes	iter.	Avg. BW	UCPU%	SCPU%
2      	10000	inf    	-nan   	   -nan
4      	10000	inf    	-nan   	   -nan
8      	10000	inf    	-nan   	   -nan
16     	10000	inf    	-nan   	   -nan
32     	10000	inf    	-nan   	   -nan
64     	10000	inf    	0.00   	   0.00
128    	10000	inf    	-nan   	   -nan
256    	10000	inf    	-nan   	   -nan
512    	10000	inf    	0.00   	   0.00
1024   	10000	inf    	0.00   	   0.00
2048   	10000	inf    	0.00   	   0.00
4096   	10000	inf    	0.00   	   0.00
8192   	10000	inf    	0.00   	   0.00
16384  	10000	inf    	0.00   	   0.00
32768  	10000	inf    	0.00   	   0.00
65536  	10000	inf    	0.00   	   0.00
131072 	10000	inf    	0.00   	   0.00
262144 	10000	inf    	0.00   	   0.00
524288 	10000	inf    	0.00   	   0.00
1048576	10000	inf    	0.00   	   0.00
2097152	10000	inf    	0.00   	   0.00
4194304	10000	inf    	0.00   	   0.00
8388608	10000	inf    	0.00   	   0.00
16777216	10000	inf    	0.00   	   0.00


# verb RDMA WRITE Thrad 1
