#rdma experiment: Up to 2^20 bytes, each 10000 iterations (server addr: 192.168.1.1)
#* to reproduce this result, use commit 06a506daabc51ab0bc347f3129332cb4c36c9e4d *
#verb: r
#bytes	iter.	Avg. BW	CPU%
2      	10000	12.75  	11.93  
4      	10000	25.51  	24.36  
8      	10000	51.02  	48.76  
16     	10000	102.04 	100.12 
32     	10000	204.70 	198.38 
64     	10000	408.15 	391.42 
128    	10000	813.83 	777.32 
256    	10000	1627.65	1574.60
512    	10000	2935.11	2883.55
1024   	10000	5278.87	5118.12
2048   	10000	6121.09	6047.38
4096   	10000	6178.29	6171.28
8192   	10000	6184.96	6182.39
16384  	10000	6188.30	6187.16
32768  	10000	6187.19	6186.90
65536  	10000	6189.98	6189.90
131072 	10000	6190.39	6190.38
262144 	10000	6190.74	6190.70
524288 	10000	6191.51	6191.50
1048576	10000	6191.51	6191.47
