# rdma experiment:
# Up to 2^26 bytes, each 5 seconds with up to 1 threads (server addr: 192.168.1.1)
# to reproduce this result, use commit d38ec331f2a68d318b5f2c8eff2aadbf3f83c0ad *

threads	buffer	iter	bw	lat	ucpu	scpu	ucpu_s	scpu_s
1	1	19195700	   7.68	   0.26	  99.80	   0.00	  99.80	   0.00
1	2	19306050	  15.44	   0.26	  99.80	   0.00	  99.80	   0.00
1	3	19423150	  31.08	   0.26	  99.80	   0.00	  99.80	   0.00
1	4	18892300	  60.46	   0.26	  99.60	   0.00	  99.80	   0.00
1	5	18391900	 117.71	   0.27	  99.80	   0.00	  99.80	   0.00
1	6	16750050	 214.40	   0.30	  99.80	   0.00	  99.80	   0.00
1	7	17666400	 452.26	   0.28	  99.60	   0.00	  99.80	   0.00
1	8	18804250	 962.77	   0.27	  99.60	   0.00	  99.80	   0.00
1	9	17956300	1838.72	   0.28	  99.80	   0.00	  99.80	   0.00
1	10	16822750	3445.29	   0.30	  99.80	   0.00	  99.80	   0.00
1	11	12040100	4931.60	   0.42	  99.40	   0.20	  99.80	   0.00
1	12	6848900	5610.53	   0.73	  99.40	   0.00	  99.80	   0.00
1	13	3621950	5934.17	   1.38	  99.80	   0.00	  99.80	   0.00
1	14	1916450	6279.69	   2.61	  99.60	   0.00	  99.60	   0.00
1	15	970450	6359.73	   5.15	  99.80	   0.00	  99.80	   0.00
1	16	490850	6433.17	  10.19	  99.80	   0.00	  99.80	   0.00
1	17	246550	6461.84	  20.28	  99.80	   0.00	  99.80	   0.00
1	18	123600	6478.28	  40.47	  99.60	   0.00	  99.80	   0.00
1	19	61900	6488.44	  80.80	  99.80	   0.00	  99.60	   0.00
1	20	31000	6497.53	 161.38	 100.00	   0.00	 100.00	   0.00
1	21	15550	6509.89	 322.15	  99.60	   0.00	 100.00	   0.00
1	22	7800	6531.49	 642.17	 100.00	   0.00	  99.80	   0.00
1	23	3950	6573.47	1276.13	  99.80	   0.00	  99.80	   0.00
1	24	2000	6656.86	2520.29	  99.80	   0.00	 100.00	   0.00
1	25	1050	6815.45	4923.29	  99.81	   0.00	  99.81	   0.00
1	26	550	7139.77	9399.30	  99.81	   0.00	 100.00	   0.00

#CHECKED
