# rdma experiment:
# Up to 2^26 bytes, each 5 seconds with up to 1 threads (server addr: 192.168.1.1)
# to reproduce this result, use commit f3096dbb44238dd2c6d90a8e861b9199c4e7144b *

threads	buffer	iter  bw	lat	ucpu	scpu	ucpu_s	scpu_s
1	1	19134500	   7.65	   0.26	  99.80	   0.00	   0.00	   0.00
1	2	19658000	  15.73	   0.25	  99.80	   0.00	   0.00	   0.00
1	3	19914750	  31.86	   0.25	  99.80	   0.00	   0.00	   0.00
1	4	19722400	  63.11	   0.25	  99.60	   0.00	   0.00	   0.00
1	5	19797650	 126.70	   0.25	  99.80	   0.00	   0.00	   0.00
1	6	19435400	 248.77	   0.26	  99.80	   0.00	   0.00	   0.00
1	7	19463550	 498.26	   0.26	  99.60	   0.00	   0.00	   0.00
1	8	19539500	1000.42	   0.26	  99.60	   0.00	   0.00	   0.00
1	9	19617000	2008.77	   0.25	  99.80	   0.00	   0.00	   0.00
1	10	13919050	2850.60	   0.36	  99.60	   0.00	   0.00	   0.00
1	11	12814050	5248.61	   0.39	  99.60	   0.00	   0.00	   0.00
1	12	7033450	5761.76	   0.71	  99.80	   0.00	   0.00	   0.00
1	13	3700350	6062.52	   1.35	  99.80	   0.00	   0.00	   0.00
1	14	1920600	6293.29	   2.60	  99.60	   0.00	   0.00	   0.00
1	15	971750	6368.15	   5.15	  99.80	   0.00	   0.00	   0.00
1	16	490400	6427.55	  10.20	  99.60	   0.00	   0.00	   0.00
1	17	246250	6454.38	  20.31	  99.80	   0.00	   0.00	   0.00
1	18	123550	6476.00	  40.48	  99.80	   0.00	   0.00	   0.00
1	19	61900	6487.79	  80.81	  99.60	   0.00	   0.00	   0.00
1	20	31000	6496.77	 161.40	  99.60	   0.00	   0.00	   0.00
1	21	15550	6503.73	 322.45	  99.60	   0.00	   0.00	   0.00
1	22	7800	6531.31	 642.18	  99.60	   0.20	   0.00	   0.00
1	23	3950	6573.00	1276.22	  99.60	   0.00	   0.00	   0.00
1	24	2000	6656.92	2520.27	  99.60	   0.00	   0.00	   0.00
1	25	1050	6814.93	4923.67	 100.00	   0.00	   0.00	   0.00
1	26	550	7140.11	9398.86	  99.81	   0.00	   0.00	   0.00
#CHECKED
