#rdma experiment: Up to 2^20 bytes, each 10000 iterations (server addr: 192.168.1.1)
#* to reproduce this result, use commit 12a6fd923e5581699926910b8544884ea365191c *
#verb: r
#bytes	#iterations	Avg. BW	CPU%
2      	10000	12.13  	11.44  
4      	10000	24.19  	22.72  
8      	10000	48.51  	46.55  
16     	10000	97.02  	94.52  
32     	10000	194.05 	189.45 
64     	10000	388.10 	375.62 
128    	10000	776.19 	756.51 
256    	10000	1543.46	1488.84
512    	10000	2943.15	2870.33
1024   	10000	5318.07	5290.21
2048   	10000	6077.80	6066.18
4096   	10000	6178.29	6171.72
8192   	10000	6187.19	6185.89
16384  	10000	6189.42	6188.92
32768  	10000	6187.19	6186.77
65536  	10000	6189.14	6189.03
131072 	10000	6190.81	6190.72
262144 	10000	6191.16	6191.13
524288 	10000	6191.06	6191.02
1048576	10000	6191.60	6191.13
