# rdma experiment to measure lat:
# Up to 2^24 bytes, each 10000 iterations on 1 threads (server addr: 192.168.1.1)
# to reproduce this result, use commit 1279a065e87adfa7d6bcd8208a190f0ab9c8866a *

#thread	#bytes	iter.	latency
1      	2	10000	2.19   	
1      	4	10000	2.18   	
1      	8	10000	2.17   	
1      	16	10000	2.17   	
1      	32	10000	2.18   	
1      	64	10000	2.22   	
1      	128	10000	2.25   	
1      	256	10000	2.28   	
1      	512	10000	2.40   	
1      	1024	10000	2.63   	
1      	2048	10000	2.75   	
1      	4096	10000	3.44   	
1      	8192	10000	4.43   	
1      	16384	10000	6.25   	
1      	32768	10000	9.44   	
1      	65536	10000	14.48  	
1      	131072	10000	24.88  	
1      	262144	10000	45.08  	
1      	524288	10000	85.46  	
1      	1048576	10000	166.20 	
1      	2097152	10000	327.86 	
1      	4194304	10000	650.98 	
1      	8388608	10000	1297.11	
1      	16777216	10000	2592.56	

#CHECKED
