#rdma experiment: Up to 2^22 bytes, each 10000 iterations (server addr: 192.168.1.1)
#* to reproduce this result, use commit 73110aa5ed31404d6b7b4c2f10bce951b0855633 *
#verb: r TODO Note that main thread was pinned on cpu 0 
#bytes	iter.	Avg. BW	CPU%
2      	10000	8.15   	0.00   
4      	10000	17.89  	0.00   
8      	10000	32.91  	0.00   
16     	10000	65.84  	0.00   
32     	10000	129.24 	0.00   
64     	10000	257.65 	0.00   
128    	10000	512.82 	0.00   
256    	10000	1044.05	0.00   
512    	10000	2018.93	0.00   
1024   	10000	3428.19	0.00   
2048   	10000	4925.44	0.00   
4096   	10000	6425.10	0.00   
8192   	10000	6461.08	0.00   
16384  	10000	6476.66	0.00   
32768  	10000	6481.53	0.00   
65536  	10000	6490.13	0.00   
131072 	10000	6487.81	0.00   
262144 	10000	6490.50	0.00   
524288 	10000	6490.64	0.00   
1048576	10000	6489.19	0.00   
2097152	10000	6490.78	0.00   
194304	10000	6490.31	0.00   
