#rdma experiment to measure bw: 
#Up to 2^24 bytes, each 100000 iterations on 1 threads (server addr: 192.168.1.1)
#* to reproduce this result, use commit cd819bb973edac8a52ef8fea110e7392687f25bc *
#verb: w
#bytes	iter.	Avg. BW	UCPU%	SCPU%
2      	100000	6.40   	100.00 	   0.00
4      	100000	15.45  	100.00 	   0.00
8      	100000	31.02  	100.00 	   0.00
16     	100000	61.65  	66.67  	   0.00
32     	100000	123.41 	100.00 	   0.00
64     	100000	246.89 	66.67  	   0.00
128    	100000	519.80 	100.00 	   0.00
256    	100000	981.67 	100.00 	   0.00
512    	100000	1932.00	66.67  	   0.00
1024   	100000	3450.48	100.00 	   0.00
2048   	100000	5029.59	100.00 	   0.00
4096   	100000	5736.61	100.00 	   0.00
8192   	100000	6051.70	92.86  	   0.00
16384  	100000	6293.77	96.15  	   0.00
32768  	100000	6372.87	100.00 	   0.00
65536  	100000	6429.64	100.00 	   0.00
131072 	100000	6460.01	100.00 	   0.00
262144 	100000	6475.30	99.51  	   0.00
524288 	100000	6483.38	99.88  	   0.00
1048576	100000	6487.53	99.81  	   0.00
2097152	100000	6489.65	99.91  	   0.00
4194304	100000	6490.59	99.89  	   0.00
8388608	100000	6490.77	99.90  	   0.00
16777216	100000	6490.90	99.90  	   0.00
