# rdma experiment:
# Up to 2^26 bytes, each 5 seconds with up to 1 threads (server addr: 192.168.1.1)
# to reproduce this result, use commit b86e726f5c458c199e33e60f63551db535a321e1 *

threads	buffer	iter	bw	lat	ucpu	scpu	ucpu_s	scpu_s
1	1	19362000	   7.74	   0.26	  99.80	   0.00	   0.00	   0.00
1	2	19321850	  15.46	   0.26	  99.80	   0.00	   0.00	   0.00
1	3	19305800	  30.89	   0.26	  99.80	   0.00	   0.00	   0.00
1	4	19373500	  61.99	   0.26	  99.80	   0.00	   0.00	   0.00
1	5	19283450	 123.41	   0.26	  99.80	   0.00	   0.00	   0.00
1	6	19195950	 245.71	   0.26	  99.80	   0.00	   0.00	   0.00
1	7	19151750	 490.28	   0.26	  99.80	   0.00	   0.00	   0.00
1	8	19079750	 976.88	   0.26	  99.80	   0.00	   0.00	   0.00
1	9	18934800	1938.91	   0.26	  99.80	   0.00	   0.00	   0.00
1	10	18410700	3770.49	   0.27	  99.80	   0.00	   0.00	   0.00
1	11	12959450	5308.17	   0.39	  99.80	   0.00	   0.00	   0.00
1	12	7071500	5792.91	   0.71	  99.80	   0.00	   0.00	   0.00
1	13	3717300	6090.36	   1.35	  99.80	   0.00	   0.00	   0.00
1	14	1923000	6301.13	   2.60	  99.80	   0.00	   0.00	   0.00
1	15	973450	6379.37	   5.14	  99.80	   0.00	   0.00	   0.00
1	16	490900	6434.04	  10.19	  99.80	   0.00	   0.00	   0.00
1	17	246600	6463.58	  20.28	  99.80	   0.00	   0.00	   0.00
1	18	123600	6479.38	  40.46	  99.80	   0.00	   0.00	   0.00
1	19	61900	6488.65	  80.80	  99.60	   0.00	   0.00	   0.00
1	20	31000	6497.95	 161.37	  99.80	   0.00	   0.00	   0.00
1	21	15550	6510.15	 322.14	  99.80	   0.00	   0.00	   0.00
1	22	7800	6532.03	 642.11	  99.80	   0.00	   0.00	   0.00
1	23	3950	6573.49	1276.13	  99.80	   0.00	   0.00	   0.00
1	24	2000	6657.13	2520.19	  99.80	   0.20	   0.00	   0.00
1	25	1050	6815.44	4923.30	  99.81	   0.00	   0.00	   0.00
1	26	550	7139.81	9399.25	  99.81	   0.00	   0.00	   0.00
#CHECKED
