#rdma experiment: Up to 2^20 bytes, each 10000 iterations (server addr: 192.168.1.1)
#* to reproduce this result, use commit 06a506daabc51ab0bc347f3129332cb4c36c9e4d *
#verb: w
#bytes	iter.	Avg. BW	CPU%
2      	10000	12.79  	12.12  
4      	10000	25.51  	24.06  
8      	10000	54.85  	53.11  
16     	10000	110.07 	106.56 
32     	10000	204.70 	198.13 
64     	10000	408.15 	400.49 
128    	10000	816.30 	785.07 
256    	10000	1627.65	1578.00
512    	10000	3245.47	3128.15
1024   	10000	5918.74	5841.59
2048   	10000	6077.80	6064.58
4096   	10000	6160.58	6153.88
8192   	10000	6176.07	6173.79
16384  	10000	6182.74	6181.12
32768  	10000	6186.63	6186.31
65536  	10000	6188.86	6188.83
131072 	10000	6190.53	6190.48
262144 	10000	6190.12	6190.02
524288 	10000	6191.44	6191.37
1048576	10000	6191.75	6191.71
